{
  "generated_by": {
    "program": "augur",
    "version": "7.0.2"
  },
  "models": {
    "country": {
      "alphabet": [
        "Austria",
        "Belgium",
        "Central African Republic",
        "France",
        "Germany",
        "Hungary",
        "Israel",
        "Italy",
        "Netherlands",
        "Senegal",
        "Serbia",
        "South Africa",
        "Spain",
        "?"
      ],
      "equilibrium_probabilities": [
        0.08947206976224518,
        0.06592965689824129,
        0.08166287575340746,
        0.07277712488552152,
        0.056915549973460954,
        0.0913966569281281,
        0.08447669023834817,
        0.06442442922178859,
        0.05684500663595577,
        0.0901423645400509,
        0.0858327069751698,
        0.0807275778980474,
        0.07939729028963491
      ],
      "rate": 56.37560717728363,
      "transition_matrix": [
        [
          0.0,
          0.8864538857973536,
          0.8886996830693746,
          0.887934460543545,
          0.8873570355612828,
          1.599201420030016,
          0.8876622201542674,
          1.7257527384892901,
          0.8794225397114028,
          0.9034159966038776,
          1.0266431910616167,
          0.8940491221566168,
          0.8900352748494856
        ],
        [
          0.8864538857973536,
          0.0,
          0.8935594976529126,
          0.887856891120666,
          1.6567921176389109,
          0.8867360405753261,
          0.888253145323006,
          0.8867817676790996,
          4.230031952145854,
          0.9110309004435747,
          0.8866556828767921,
          0.8930450056146754,
          0.8901663954288594
        ],
        [
          0.8886996830693746,
          0.8935594976529126,
          0.0,
          0.8914827758775029,
          0.9035738913320489,
          0.888816333486234,
          0.9223575560460611,
          0.9050379572297335,
          0.959092393794099,
          1.288962317200837,
          0.8885537941370091,
          0.9063660335522781,
          0.8974129782681154
        ],
        [
          0.887934460543545,
          0.887856891120666,
          0.8914827758775029,
          0.0,
          2.640409903471157,
          0.8882626009519706,
          0.8907161843137165,
          0.8885218672906342,
          0.8845125027383226,
          0.9582590489941298,
          0.8880783542082483,
          0.9044674209079299,
          1.05760792615233
        ],
        [
          0.8873570355612828,
          1.6567921176389109,
          0.9035738913320489,
          2.640409903471157,
          0.0,
          0.8837573169098887,
          0.8914507635175762,
          2.2321472383548357,
          7.222491318003487,
          1.0436069224808573,
          0.8824594137022047,
          0.9041252769562691,
          1.162950321813681
        ],
        [
          1.599201420030016,
          0.8867360405753261,
          0.888816333486234,
          0.8882626009519706,
          0.8837573169098887,
          0.0,
          0.8876131670823836,
          1.0877428827630513,
          0.8793467364347208,
          0.8997594963683143,
          1.1595598592599983,
          0.8944066522405453,
          0.8903853665633177
        ],
        [
          0.8876622201542674,
          0.888253145323006,
          0.9223575560460611,
          0.8907161843137165,
          0.8914507635175762,
          0.8876131670823836,
          0.0,
          0.9163431578122612,
          0.8989694553006713,
          1.8660967312176515,
          0.887393266180144,
          0.9082461162707841,
          0.897517910505746
        ],
        [
          1.7257527384892901,
          0.8867817676790996,
          0.9050379572297335,
          0.8885218672906342,
          2.2321472383548357,
          1.0877428827630513,
          0.9163431578122612,
          0.0,
          0.8900158867301152,
          1.3273748604832478,
          0.9872861689345699,
          0.8977940350099121,
          0.8927356032139204
        ],
        [
          0.8794225397114028,
          4.230031952145854,
          0.959092393794099,
          0.8845125027383226,
          7.222491318003487,
          0.8793467364347208,
          0.8989694553006713,
          0.8900158867301152,
          0.0,
          1.16859024820461,
          0.8796762766967487,
          0.8916309549837681,
          0.889933486429637
        ],
        [
          0.9034159966038776,
          0.9110309004435747,
          1.288962317200837,
          0.9582590489941298,
          1.0436069224808573,
          0.8997594963683143,
          1.8660967312176515,
          1.3273748604832478,
          1.16859024820461,
          0.0,
          0.8979324169729547,
          1.6597969512016788,
          1.0892299602293511
        ],
        [
          1.0266431910616167,
          0.8866556828767921,
          0.8885537941370091,
          0.8880783542082483,
          0.8824594137022047,
          1.1595598592599983,
          0.887393266180144,
          0.9872861689345699,
          0.8796762766967487,
          0.8979324169729547,
          0.0,
          0.8938177313189071,
          0.8900639332027737
        ],
        [
          0.8940491221566168,
          0.8930450056146754,
          0.9063660335522781,
          0.9044674209079299,
          0.9041252769562691,
          0.8944066522405453,
          0.9082461162707841,
          0.8977940350099121,
          0.8916309549837681,
          1.6597969512016788,
          0.8938177313189071,
          0.0,
          0.9285102297952091
        ],
        [
          0.8900352748494856,
          0.8901663954288594,
          0.8974129782681154,
          1.05760792615233,
          1.162950321813681,
          0.8903853665633177,
          0.897517910505746,
          0.8927356032139204,
          0.889933486429637,
          1.0892299602293511,
          0.8900639332027737,
          0.9285102297952091,
          0.0
        ]
      ]
    },
    "region": {
      "alphabet": [
        "Africa",
        "Europe",
        "Middle-East",
        "?"
      ],
      "equilibrium_probabilities": [
        0.14635713714651305,
        0.6043674866806685,
        0.24927537617281847
      ],
      "rate": 8.595523546205277,
      "transition_matrix": [
        [
          0.0,
          2.8036364793450774,
          2.358311105190093
        ],
        [
          2.8036364793450774,
          0.0,
          1.1016622268951721
        ],
        [
          2.358311105190093,
          1.1016622268951721,
          0.0
        ]
      ]
    }
  },
  "nodes": {
    "AY453411/EU1/Austria/2001": {
      "country": "Austria",
      "country_confidence": {
        "Austria": 1.0
      },
      "country_entropy": -1.000088900581841e-12,
      "region": "Europe",
      "region_confidence": {
        "Europe": 0.9999999999999999
      },
      "region_entropy": -9.99866855976916e-13
    },
    "AY453412/AF2/SouthAfrica/1958": {
      "country": "Senegal",
      "country_confidence": {
        "Israel": 0.05027988960208802,
        "Senegal": 0.4437817211973272,
        "South Africa": 0.21951206159833847,
        "Spain": 0.0447816204185054
      },
      "country_entropy": 1.8535536483256372,
      "region": "Africa",
      "region_confidence": {
        "Africa": 0.9286431813100615,
        "Europe": 0.055323980867414316,
        "Middle-East": 0.01603283782252417
      },
      "region_entropy": 0.29515165399193455
    },
    "EF206350/EU1/Hungary/2006": {
      "country": "Hungary",
      "country_confidence": {
        "Hungary": 1.0
      },
      "country_entropy": -1.000088900581841e-12,
      "region": "Europe",
      "region_confidence": {
        "Europe": 1.0
      },
      "region_entropy": -1.000088900581841e-12
    },
    "HE599647/EU3/Germany/2011": {
      "country": "Germany",
      "country_confidence": {
        "Germany": 1.0
      },
      "country_entropy": -1.000088900581841e-12,
      "region": "Europe",
      "region_confidence": {
        "Europe": 0.9999999999999999
      },
      "region_entropy": -9.99866855976916e-13
    },
    "HM569263/EU2/Italy/2009": {
      "country": "Italy",
      "country_confidence": {
        "Italy": 0.9999999999999999
      },
      "country_entropy": -9.99866855976916e-13,
      "region": "Europe",
      "region_confidence": {
        "Europe": 1.0
      },
      "region_entropy": -1.000088900581841e-12
    },
    "JF266698/EU2/Italy/2009": {
      "country": "Italy",
      "country_confidence": {
        "Italy": 1.0
      },
      "country_entropy": -1.000088900581841e-12,
      "region": "Europe",
      "region_confidence": {
        "Europe": 1.0
      },
      "region_entropy": -1.000088900581841e-12
    },
    "JQ219843/EU1/Austria/2002": {
      "country": "Austria",
      "country_confidence": {
        "Austria": 0.9999999999999999
      },
      "country_entropy": -9.99866855976916e-13,
      "region": "Europe",
      "region_confidence": {
        "Europe": 1.0
      },
      "region_entropy": -1.000088900581841e-12
    },
    "KC754954/AF2/Senegal/1974": {
      "country": "Senegal",
      "country_confidence": {
        "Senegal": 1.0
      },
      "country_entropy": -1.000088900581841e-12,
      "region": "Africa",
      "region_confidence": {
        "Africa": 1.0
      },
      "region_entropy": -1.000088900581841e-12
    },
    "KC754955/AF3/CAR/1981": {
      "country": "Central African Republic",
      "country_confidence": {
        "Central African Republic": 1.0
      },
      "country_entropy": -1.000088900581841e-12,
      "region": "Africa",
      "region_confidence": {
        "Africa": 1.0
      },
      "region_entropy": -1.000088900581841e-12
    },
    "KC754956/AF3/Senegal/1993": {
      "country": "Senegal",
      "country_confidence": {
        "Senegal": 1.0
      },
      "country_entropy": -1.000088900581841e-12,
      "region": "Africa",
      "region_confidence": {
        "Africa": 1.0
      },
      "region_entropy": -1.000088900581841e-12
    },
    "KC754957/AF3/Senegal/2007": {
      "country": "Senegal",
      "country_confidence": {
        "Senegal": 1.0
      },
      "country_entropy": -1.000088900581841e-12,
      "region": "Africa",
      "region_confidence": {
        "Africa": 1.0
      },
      "region_entropy": -1.000088900581841e-12
    },
    "KF573410/AF2/Spain/2006": {
      "country": "Spain",
      "country_confidence": {
        "Spain": 1.0
      },
      "country_entropy": -1.000088900581841e-12,
      "region": "Europe",
      "region_confidence": {
        "Europe": 0.9999999999999999
      },
      "region_entropy": -9.99866855976916e-13
    },
    "KJ438705/EU3/Germany/2010": {
      "country": "Germany",
      "country_confidence": {
        "Germany": 1.0
      },
      "country_entropy": -1.000088900581841e-12,
      "region": "Europe",
      "region_confidence": {
        "Europe": 0.9999999999999999
      },
      "region_entropy": -9.99866855976916e-13
    },
    "KJ438706/EU3/Germany/2011": {
      "country": "Germany",
      "country_confidence": {
        "Germany": 1.0
      },
      "country_entropy": -1.000088900581841e-12,
      "region": "Europe",
      "region_confidence": {
        "Europe": 0.9999999999999999
      },
      "region_entropy": -9.99866855976916e-13
    },
    "KJ438707/EU3/Germany/2011": {
      "country": "Germany",
      "country_confidence": {
        "Germany": 1.0
      },
      "country_entropy": -1.000088900581841e-12,
      "region": "Europe",
      "region_confidence": {
        "Europe": 0.9999999999999999
      },
      "region_entropy": -9.99866855976916e-13
    },
    "KJ438708/EU3/Germany/2011": {
      "country": "Germany",
      "country_confidence": {
        "Germany": 1.0
      },
      "country_entropy": -1.000088900581841e-12,
      "region": "Europe",
      "region_confidence": {
        "Europe": 1.0
      },
      "region_entropy": -1.000088900581841e-12
    },
    "KJ438709/EU3/Germany/2012": {
      "country": "Germany",
      "country_confidence": {
        "Germany": 1.0
      },
      "country_entropy": -1.000088900581841e-12,
      "region": "Europe",
      "region_confidence": {
        "Europe": 1.0
      },
      "region_entropy": -1.000088900581841e-12
    },
    "KJ438710/EU3/Germany/2011": {
      "country": "Germany",
      "country_confidence": {
        "Germany": 0.9999999999999999
      },
      "country_entropy": -9.99866855976916e-13,
      "region": "Europe",
      "region_confidence": {
        "Europe": 1.0
      },
      "region_entropy": -1.000088900581841e-12
    },
    "KJ438711/EU3/Germany/2011": {
      "country": "Germany",
      "country_confidence": {
        "Germany": 1.0
      },
      "country_entropy": -1.000088900581841e-12,
      "region": "Europe",
      "region_confidence": {
        "Europe": 1.0
      },
      "region_entropy": -1.000088900581841e-12
    },
    "KJ438712/EU3/Germany/2011": {
      "country": "Germany",
      "country_confidence": {
        "Germany": 0.9999999999999999
      },
      "country_entropy": -9.99866855976916e-13,
      "region": "Europe",
      "region_confidence": {
        "Europe": 0.9999999999999999
      },
      "region_entropy": -9.99866855976916e-13
    },
    "KJ438713/EU3/Germany/2011": {
      "country": "Germany",
      "country_confidence": {
        "Germany": 1.0
      },
      "country_entropy": -1.000088900581841e-12,
      "region": "Europe",
      "region_confidence": {
        "Europe": 1.0
      },
      "region_entropy": -1.000088900581841e-12
    },
    "KJ438714/EU3/Germany/2011": {
      "country": "Germany",
      "country_confidence": {
        "Germany": 1.0
      },
      "country_entropy": -1.000088900581841e-12,
      "region": "Europe",
      "region_confidence": {
        "Europe": 1.0
      },
      "region_entropy": -1.000088900581841e-12
    },
    "KJ438715/EU3/Germany/2011": {
      "country": "Germany",
      "country_confidence": {
        "Germany": 0.9999999999999999
      },
      "country_entropy": -9.99866855976916e-13,
      "region": "Europe",
      "region_confidence": {
        "Europe": 1.0
      },
      "region_entropy": -1.000088900581841e-12
    },
    "KJ438716/EU3/Germany/2012": {
      "country": "Germany",
      "country_confidence": {
        "Germany": 1.0
      },
      "country_entropy": -1.000088900581841e-12,
      "region": "Europe",
      "region_confidence": {
        "Europe": 1.0
      },
      "region_entropy": -1.000088900581841e-12
    },
    "KJ438717/EU3/Germany/2012": {
      "country": "Germany",
      "country_confidence": {
        "Germany": 1.0
      },
      "country_entropy": -1.000088900581841e-12,
      "region": "Europe",
      "region_confidence": {
        "Europe": 1.0
      },
      "region_entropy": -1.000088900581841e-12
    },
    "KJ438718/EU3/Germany/2011": {
      "country": "Germany",
      "country_confidence": {
        "Germany": 1.0
      },
      "country_entropy": -1.000088900581841e-12,
      "region": "Europe",
      "region_confidence": {
        "Europe": 0.9999999999999999
      },
      "region_entropy": -9.99866855976916e-13
    },
    "KJ438719/EU3/Germany/2011": {
      "country": "Germany",
      "country_confidence": {
        "Germany": 0.9999999999999999
      },
      "country_entropy": -9.99866855976916e-13,
      "region": "Europe",
      "region_confidence": {
        "Europe": 0.9999999999999999
      },
      "region_entropy": -9.99866855976916e-13
    },
    "KJ438720/EU3/Germany/2011": {
      "country": "Germany",
      "country_confidence": {
        "Germany": 0.9999999999999999
      },
      "country_entropy": -9.99866855976916e-13,
      "region": "Europe",
      "region_confidence": {
        "Europe": 0.9999999999999999
      },
      "region_entropy": -9.99866855976916e-13
    },
    "KJ438721/EU3/Germany/2011": {
      "country": "Germany",
      "country_confidence": {
        "Germany": 1.0
      },
      "country_entropy": -1.000088900581841e-12,
      "region": "Europe",
      "region_confidence": {
        "Europe": 1.0
      },
      "region_entropy": -1.000088900581841e-12
    },
    "KJ438722/EU3/Germany/2012": {
      "country": "Germany",
      "country_confidence": {
        "Germany": 1.0
      },
      "country_entropy": -1.000088900581841e-12,
      "region": "Europe",
      "region_confidence": {
        "Europe": 1.0
      },
      "region_entropy": -1.000088900581841e-12
    },
    "KJ438723/EU3/Germany/2011": {
      "country": "Germany",
      "country_confidence": {
        "Germany": 1.0
      },
      "country_entropy": -1.000088900581841e-12,
      "region": "Europe",
      "region_confidence": {
        "Europe": 1.0
      },
      "region_entropy": -1.000088900581841e-12
    },
    "KJ438724/EU3/Germany/2011": {
      "country": "Germany",
      "country_confidence": {
        "Germany": 1.0
      },
      "country_entropy": -1.000088900581841e-12,
      "region": "Europe",
      "region_confidence": {
        "Europe": 1.0
      },
      "region_entropy": -1.000088900581841e-12
    },
    "KJ438725/EU3/Germany/2011": {
      "country": "Germany",
      "country_confidence": {
        "Germany": 1.0
      },
      "country_entropy": -1.000088900581841e-12,
      "region": "Europe",
      "region_confidence": {
        "Europe": 1.0
      },
      "region_entropy": -1.000088900581841e-12
    },
    "KJ438726/EU3/Germany/2011": {
      "country": "Germany",
      "country_confidence": {
        "Germany": 1.0
      },
      "country_entropy": -1.000088900581841e-12,
      "region": "Europe",
      "region_confidence": {
        "Europe": 1.0
      },
      "region_entropy": -1.000088900581841e-12
    },
    "KJ438727/EU3/Germany/2011": {
      "country": "Germany",
      "country_confidence": {
        "Germany": 1.0
      },
      "country_entropy": -1.000088900581841e-12,
      "region": "Europe",
      "region_confidence": {
        "Europe": 1.0
      },
      "region_entropy": -1.000088900581841e-12
    },
    "KJ438728/EU3/Germany/2011": {
      "country": "Germany",
      "country_confidence": {
        "Germany": 1.0
      },
      "country_entropy": -1.000088900581841e-12,
      "region": "Europe",
      "region_confidence": {
        "Europe": 1.0
      },
      "region_entropy": -1.000088900581841e-12
    },
    "KJ438729/EU3/Germany/2012": {
      "country": "Germany",
      "country_confidence": {
        "Germany": 1.0
      },
      "country_entropy": -1.000088900581841e-12,
      "region": "Europe",
      "region_confidence": {
        "Europe": 1.0
      },
      "region_entropy": -1.000088900581841e-12
    },
    "KJ438730/EU3/Germany/2011": {
      "country": "Germany",
      "country_confidence": {
        "Germany": 1.0
      },
      "country_entropy": -1.000088900581841e-12,
      "region": "Europe",
      "region_confidence": {
        "Europe": 0.9999999999999999
      },
      "region_entropy": -9.99866855976916e-13
    },
    "KJ438731/EU3/Germany/2011": {
      "country": "Germany",
      "country_confidence": {
        "Germany": 1.0
      },
      "country_entropy": -1.000088900581841e-12,
      "region": "Europe",
      "region_confidence": {
        "Europe": 1.0
      },
      "region_entropy": -1.000088900581841e-12
    },
    "KJ438732/EU3/Germany/2011": {
      "country": "Germany",
      "country_confidence": {
        "Germany": 1.0
      },
      "country_entropy": -1.000088900581841e-12,
      "region": "Europe",
      "region_confidence": {
        "Europe": 1.0
      },
      "region_entropy": -1.000088900581841e-12
    },
    "KJ438733/EU3/Germany/2012": {
      "country": "Germany",
      "country_confidence": {
        "Germany": 0.9999999999999999
      },
      "country_entropy": -9.99866855976916e-13,
      "region": "Europe",
      "region_confidence": {
        "Europe": 1.0
      },
      "region_entropy": -1.000088900581841e-12
    },
    "KJ438734/EU3/Germany/2011": {
      "country": "Germany",
      "country_confidence": {
        "Germany": 1.0
      },
      "country_entropy": -1.000088900581841e-12,
      "region": "Europe",
      "region_confidence": {
        "Europe": 1.0
      },
      "region_entropy": -1.000088900581841e-12
    },
    "KJ438735/EU3/Germany/2012": {
      "country": "Germany",
      "country_confidence": {
        "Germany": 0.9999999999999999
      },
      "country_entropy": -9.99866855976916e-13,
      "region": "Europe",
      "region_confidence": {
        "Europe": 0.9999999999999999
      },
      "region_entropy": -9.99866855976916e-13
    },
    "KJ438736/EU3/Germany/2011": {
      "country": "Germany",
      "country_confidence": {
        "Germany": 0.9999999999999999
      },
      "country_entropy": -9.99866855976916e-13,
      "region": "Europe",
      "region_confidence": {
        "Europe": 0.9999999999999999
      },
      "region_entropy": -9.99866855976916e-13
    },
    "KJ438737/EU3/Germany/2011": {
      "country": "Germany",
      "country_confidence": {
        "Germany": 1.0
      },
      "country_entropy": -1.000088900581841e-12,
      "region": "Europe",
      "region_confidence": {
        "Europe": 1.0
      },
      "region_entropy": -1.000088900581841e-12
    },
    "KJ438738/EU3/Germany/2011": {
      "country": "Germany",
      "country_confidence": {
        "Germany": 1.0
      },
      "country_entropy": -1.000088900581841e-12,
      "region": "Europe",
      "region_confidence": {
        "Europe": 1.0
      },
      "region_entropy": -1.000088900581841e-12
    },
    "KJ438739/EU3/Germany/2013": {
      "country": "Germany",
      "country_confidence": {
        "Germany": 0.9999999999999999
      },
      "country_entropy": -9.99866855976916e-13,
      "region": "Europe",
      "region_confidence": {
        "Europe": 1.0
      },
      "region_entropy": -1.000088900581841e-12
    },
    "KJ438740/EU3/Germany/2011": {
      "country": "Germany",
      "country_confidence": {
        "Germany": 1.0
      },
      "country_entropy": -1.000088900581841e-12,
      "region": "Europe",
      "region_confidence": {
        "Europe": 1.0
      },
      "region_entropy": -1.000088900581841e-12
    },
    "KJ438741/EU3/Germany/2013": {
      "country": "Germany",
      "country_confidence": {
        "Germany": 0.9999999999999999
      },
      "country_entropy": -9.99866855976916e-13,
      "region": "Europe",
      "region_confidence": {
        "Europe": 0.9999999999999999
      },
      "region_entropy": -9.99866855976916e-13
    },
    "KJ438742/EU3/Germany/2013": {
      "country": "Germany",
      "country_confidence": {
        "Germany": 0.9999999999999999
      },
      "country_entropy": -9.99866855976916e-13,
      "region": "Europe",
      "region_confidence": {
        "Europe": 1.0
      },
      "region_entropy": -1.000088900581841e-12
    },
    "KJ438743/EU3/Germany/2011": {
      "country": "Germany",
      "country_confidence": {
        "Germany": 1.0
      },
      "country_entropy": -1.000088900581841e-12,
      "region": "Europe",
      "region_confidence": {
        "Europe": 0.9999999999999999
      },
      "region_entropy": -9.99866855976916e-13
    },
    "KJ438744/EU3/Germany/2012": {
      "country": "Germany",
      "country_confidence": {
        "Germany": 1.0
      },
      "country_entropy": -1.000088900581841e-12,
      "region": "Europe",
      "region_confidence": {
        "Europe": 0.9999999999999999
      },
      "region_entropy": -9.99866855976916e-13
    },
    "KJ438745/EU3/Germany/2011": {
      "country": "Germany",
      "country_confidence": {
        "Germany": 1.0
      },
      "country_entropy": -1.000088900581841e-12,
      "region": "Europe",
      "region_confidence": {
        "Europe": 0.9999999999999999
      },
      "region_entropy": -9.99866855976916e-13
    },
    "KJ438746/EU3/Germany/2011": {
      "country": "Germany",
      "country_confidence": {
        "Germany": 1.0
      },
      "country_entropy": -1.000088900581841e-12,
      "region": "Europe",
      "region_confidence": {
        "Europe": 0.9999999999999999
      },
      "region_entropy": -9.99866855976916e-13
    },
    "KJ438747/EU3/Germany/2012": {
      "country": "Germany",
      "country_confidence": {
        "Germany": 1.0
      },
      "country_entropy": -1.000088900581841e-12,
      "region": "Europe",
      "region_confidence": {
        "Europe": 1.0
      },
      "region_entropy": -1.000088900581841e-12
    },
    "KJ438748/EU3/Germany/2012": {
      "country": "Germany",
      "country_confidence": {
        "Germany": 0.9999999999999999
      },
      "country_entropy": -9.99866855976916e-13,
      "region": "Europe",
      "region_confidence": {
        "Europe": 1.0
      },
      "region_entropy": -1.000088900581841e-12
    },
    "KJ438749/EU3/Germany/2012": {
      "country": "Germany",
      "country_confidence": {
        "Germany": 0.9999999999999999
      },
      "country_entropy": -9.99866855976916e-13,
      "region": "Europe",
      "region_confidence": {
        "Europe": 1.0
      },
      "region_entropy": -1.000088900581841e-12
    },
    "KJ438750/EU3/Germany/2011": {
      "country": "Germany",
      "country_confidence": {
        "Germany": 0.9999999999999999
      },
      "country_entropy": -9.99866855976916e-13,
      "region": "Europe",
      "region_confidence": {
        "Europe": 1.0
      },
      "region_entropy": -1.000088900581841e-12
    },
    "KJ438751/EU3/Germany/2011": {
      "country": "Germany",
      "country_confidence": {
        "Germany": 0.9999999999999999
      },
      "country_entropy": -9.99866855976916e-13,
      "region": "Europe",
      "region_confidence": {
        "Europe": 1.0
      },
      "region_entropy": -1.000088900581841e-12
    },
    "KJ438752/EU3/Germany/2011": {
      "country": "Germany",
      "country_confidence": {
        "Germany": 1.0
      },
      "country_entropy": -1.000088900581841e-12,
      "region": "Europe",
      "region_confidence": {
        "Europe": 1.0
      },
      "region_entropy": -1.000088900581841e-12
    },
    "KJ438753/EU3/Germany/2011": {
      "country": "Germany",
      "country_confidence": {
        "Germany": 0.9999999999999999
      },
      "country_entropy": -9.99866855976916e-13,
      "region": "Europe",
      "region_confidence": {
        "Europe": 0.9999999999999999
      },
      "region_entropy": -9.99866855976916e-13
    },
    "KJ438754/EU3/Germany/2012": {
      "country": "Germany",
      "country_confidence": {
        "Germany": 1.0
      },
      "country_entropy": -1.000088900581841e-12,
      "region": "Europe",
      "region_confidence": {
        "Europe": 0.9999999999999999
      },
      "region_entropy": -9.99866855976916e-13
    },
    "KJ438755/EU3/Germany/2011": {
      "country": "Germany",
      "country_confidence": {
        "Germany": 1.0
      },
      "country_entropy": -1.000088900581841e-12,
      "region": "Europe",
      "region_confidence": {
        "Europe": 1.0
      },
      "region_entropy": -1.000088900581841e-12
    },
    "KJ438756/EU3/Germany/2011": {
      "country": "Germany",
      "country_confidence": {
        "Germany": 1.0
      },
      "country_entropy": -1.000088900581841e-12,
      "region": "Europe",
      "region_confidence": {
        "Europe": 0.9999999999999999
      },
      "region_entropy": -9.99866855976916e-13
    },
    "KJ438757/EU3/Germany/2013": {
      "country": "Germany",
      "country_confidence": {
        "Germany": 1.0
      },
      "country_entropy": -1.000088900581841e-12,
      "region": "Europe",
      "region_confidence": {
        "Europe": 0.9999999999999999
      },
      "region_entropy": -9.99866855976916e-13
    },
    "KJ438758/EU3/Germany/2013": {
      "country": "Germany",
      "country_confidence": {
        "Germany": 0.9999999999999999
      },
      "country_entropy": -9.99866855976916e-13,
      "region": "Europe",
      "region_confidence": {
        "Europe": 1.0
      },
      "region_entropy": -1.000088900581841e-12
    },
    "KJ438759/EU3/Germany/2011": {
      "country": "Germany",
      "country_confidence": {
        "Germany": 1.0
      },
      "country_entropy": -1.000088900581841e-12,
      "region": "Europe",
      "region_confidence": {
        "Europe": 0.9999999999999999
      },
      "region_entropy": -9.99866855976916e-13
    },
    "KJ438760/EU3/Germany/2011": {
      "country": "Germany",
      "country_confidence": {
        "Germany": 1.0
      },
      "country_entropy": -1.000088900581841e-12,
      "region": "Europe",
      "region_confidence": {
        "Europe": 1.0
      },
      "region_entropy": -1.000088900581841e-12
    },
    "KJ438761/EU3/Germany/2011": {
      "country": "Germany",
      "country_confidence": {
        "Germany": 1.0
      },
      "country_entropy": -1.000088900581841e-12,
      "region": "Europe",
      "region_confidence": {
        "Europe": 0.9999999999999999
      },
      "region_entropy": -9.99866855976916e-13
    },
    "KJ438762/EU3/Germany/2011": {
      "country": "Germany",
      "country_confidence": {
        "Germany": 1.0
      },
      "country_entropy": -1.000088900581841e-12,
      "region": "Europe",
      "region_confidence": {
        "Europe": 0.9999999999999999
      },
      "region_entropy": -9.99866855976916e-13
    },
    "KJ438763/EU3/Germany/2013": {
      "country": "Germany",
      "country_confidence": {
        "Germany": 0.9999999999999999
      },
      "country_entropy": -9.99866855976916e-13,
      "region": "Europe",
      "region_confidence": {
        "Europe": 1.0
      },
      "region_entropy": -1.000088900581841e-12
    },
    "KJ438764/EU3/Germany/2013": {
      "country": "Germany",
      "country_confidence": {
        "Germany": 1.0
      },
      "country_entropy": -1.000088900581841e-12,
      "region": "Europe",
      "region_confidence": {
        "Europe": 1.0
      },
      "region_entropy": -1.000088900581841e-12
    },
    "KJ438765/EU3/Germany/2011": {
      "country": "Germany",
      "country_confidence": {
        "Germany": 1.0
      },
      "country_entropy": -1.000088900581841e-12,
      "region": "Europe",
      "region_confidence": {
        "Europe": 1.0
      },
      "region_entropy": -1.000088900581841e-12
    },
    "KJ438766/EU3/Germany/2012": {
      "country": "Germany",
      "country_confidence": {
        "Germany": 1.0
      },
      "country_entropy": -1.000088900581841e-12,
      "region": "Europe",
      "region_confidence": {
        "Europe": 1.0
      },
      "region_entropy": -1.000088900581841e-12
    },
    "KJ438767/EU3/Germany/2011": {
      "country": "Germany",
      "country_confidence": {
        "Germany": 1.0
      },
      "country_entropy": -1.000088900581841e-12,
      "region": "Europe",
      "region_confidence": {
        "Europe": 1.0
      },
      "region_entropy": -1.000088900581841e-12
    },
    "KJ438768/EU3/Germany/2013": {
      "country": "Germany",
      "country_confidence": {
        "Germany": 1.0
      },
      "country_entropy": -1.000088900581841e-12,
      "region": "Europe",
      "region_confidence": {
        "Europe": 1.0
      },
      "region_entropy": -1.000088900581841e-12
    },
    "KJ438769/EU3/Germany/2011": {
      "country": "Germany",
      "country_confidence": {
        "Germany": 1.0
      },
      "country_entropy": -1.000088900581841e-12,
      "region": "Europe",
      "region_confidence": {
        "Europe": 1.0
      },
      "region_entropy": -1.000088900581841e-12
    },
    "KJ438770/EU3/Germany/2013": {
      "country": "Germany",
      "country_confidence": {
        "Germany": 1.0
      },
      "country_entropy": -1.000088900581841e-12,
      "region": "Europe",
      "region_confidence": {
        "Europe": 1.0
      },
      "region_entropy": -1.000088900581841e-12
    },
    "KJ438771/EU3/Germany/2013": {
      "country": "Germany",
      "country_confidence": {
        "Germany": 1.0
      },
      "country_entropy": -1.000088900581841e-12,
      "region": "Europe",
      "region_confidence": {
        "Europe": 1.0
      },
      "region_entropy": -1.000088900581841e-12
    },
    "KJ438772/EU3/Germany/2011": {
      "country": "Germany",
      "country_confidence": {
        "Germany": 1.0
      },
      "country_entropy": -1.000088900581841e-12,
      "region": "Europe",
      "region_confidence": {
        "Europe": 0.9999999999999999
      },
      "region_entropy": -9.99866855976916e-13
    },
    "KJ438773/EU3/Germany/2011": {
      "country": "Germany",
      "country_confidence": {
        "Germany": 1.0
      },
      "country_entropy": -1.000088900581841e-12,
      "region": "Europe",
      "region_confidence": {
        "Europe": 1.0
      },
      "region_entropy": -1.000088900581841e-12
    },
    "KJ438774/EU3/Germany/2012": {
      "country": "Germany",
      "country_confidence": {
        "Germany": 0.9999999999999999
      },
      "country_entropy": -9.99866855976916e-13,
      "region": "Europe",
      "region_confidence": {
        "Europe": 1.0
      },
      "region_entropy": -1.000088900581841e-12
    },
    "KJ438775/EU3/Germany/2011": {
      "country": "Germany",
      "country_confidence": {
        "Germany": 1.0
      },
      "country_entropy": -1.000088900581841e-12,
      "region": "Europe",
      "region_confidence": {
        "Europe": 1.0
      },
      "region_entropy": -1.000088900581841e-12
    },
    "KJ438776/EU3/Germany/2011": {
      "country": "Germany",
      "country_confidence": {
        "Germany": 0.9999999999999999
      },
      "country_entropy": -9.99866855976916e-13,
      "region": "Europe",
      "region_confidence": {
        "Europe": 0.9999999999999999
      },
      "region_entropy": -9.99866855976916e-13
    },
    "KJ438777/EU3/Germany/2011": {
      "country": "Germany",
      "country_confidence": {
        "Germany": 1.0
      },
      "country_entropy": -1.000088900581841e-12,
      "region": "Europe",
      "region_confidence": {
        "Europe": 0.9999999999999999
      },
      "region_entropy": -9.99866855976916e-13
    },
    "KJ438778/EU3/Germany/2011": {
      "country": "Germany",
      "country_confidence": {
        "Germany": 1.0
      },
      "country_entropy": -1.000088900581841e-12,
      "region": "Europe",
      "region_confidence": {
        "Europe": 1.0
      },
      "region_entropy": -1.000088900581841e-12
    },
    "KJ438779/EU3/Germany/2012": {
      "country": "Germany",
      "country_confidence": {
        "Germany": 0.9999999999999999
      },
      "country_entropy": -9.99866855976916e-13,
      "region": "Europe",
      "region_confidence": {
        "Europe": 1.0
      },
      "region_entropy": -1.000088900581841e-12
    },
    "KJ438780/EU3/Germany/2011": {
      "country": "Germany",
      "country_confidence": {
        "Germany": 1.0
      },
      "country_entropy": -1.000088900581841e-12,
      "region": "Europe",
      "region_confidence": {
        "Europe": 1.0
      },
      "region_entropy": -1.000088900581841e-12
    },
    "KJ438781/EU3/Germany/2011": {
      "country": "Germany",
      "country_confidence": {
        "Germany": 1.0
      },
      "country_entropy": -1.000088900581841e-12,
      "region": "Europe",
      "region_confidence": {
        "Europe": 1.0
      },
      "region_entropy": -1.000088900581841e-12
    },
    "KJ859682/EU3/Germany/2013": {
      "country": "Germany",
      "country_confidence": {
        "Germany": 0.9999999999999999
      },
      "country_entropy": -9.99866855976916e-13,
      "region": "Europe",
      "region_confidence": {
        "Europe": 1.0
      },
      "region_entropy": -1.000088900581841e-12
    },
    "KJ859683/EU3/Germany/2013": {
      "country": "Germany",
      "country_confidence": {
        "Germany": 1.0
      },
      "country_entropy": -1.000088900581841e-12,
      "region": "Europe",
      "region_confidence": {
        "Europe": 1.0
      },
      "region_entropy": -1.000088900581841e-12
    },
    "KM659877/AF3/Germany/2014": {
      "country": "Germany",
      "country_confidence": {
        "Germany": 1.0
      },
      "country_entropy": -1.000088900581841e-12,
      "region": "Europe",
      "region_confidence": {
        "Europe": 0.9999999999999999
      },
      "region_entropy": -9.99866855976916e-13
    },
    "KU573070/EU2/Italy/2013": {
      "country": "Italy",
      "country_confidence": {
        "Italy": 0.9999999999999999
      },
      "country_entropy": -9.99866855976916e-13,
      "region": "Europe",
      "region_confidence": {
        "Europe": 1.0
      },
      "region_entropy": -1.000088900581841e-12
    },
    "KU573072/EU2/Italy/2013": {
      "country": "Italy",
      "country_confidence": {
        "Italy": 1.0
      },
      "country_entropy": -1.000088900581841e-12,
      "region": "Europe",
      "region_confidence": {
        "Europe": 1.0
      },
      "region_entropy": -1.000088900581841e-12
    },
    "KU573073/EU4/Italy/23013": {
      "country": "Italy",
      "country_confidence": {
        "Italy": 0.9999999999999999
      },
      "country_entropy": -9.99866855976916e-13,
      "region": "Europe",
      "region_confidence": {
        "Europe": 0.9999999999999999
      },
      "region_entropy": -9.99866855976916e-13
    },
    "KU573074/EU2/Italy/2013": {
      "country": "Italy",
      "country_confidence": {
        "Italy": 1.0
      },
      "country_entropy": -1.000088900581841e-12,
      "region": "Europe",
      "region_confidence": {
        "Europe": 1.0
      },
      "region_entropy": -1.000088900581841e-12
    },
    "KU573075/EU2/Italy/2014": {
      "country": "Italy",
      "country_confidence": {
        "Italy": 1.0
      },
      "country_entropy": -1.000088900581841e-12,
      "region": "Europe",
      "region_confidence": {
        "Europe": 1.0
      },
      "region_entropy": -1.000088900581841e-12
    },
    "KU573076/EU2/Italy/2014": {
      "country": "Italy",
      "country_confidence": {
        "Italy": 1.0
      },
      "country_entropy": -1.000088900581841e-12,
      "region": "Europe",
      "region_confidence": {
        "Europe": 1.0
      },
      "region_entropy": -1.000088900581841e-12
    },
    "KU664608/AF2/Germany/2015": {
      "country": "Germany",
      "country_confidence": {
        "Germany": 1.0
      },
      "country_entropy": -1.000088900581841e-12,
      "region": "Europe",
      "region_confidence": {
        "Europe": 1.0
      },
      "region_entropy": -1.000088900581841e-12
    },
    "KX555624/EU2/Germany/2010": {
      "country": "Germany",
      "country_confidence": {
        "Germany": 1.0
      },
      "country_entropy": -1.000088900581841e-12,
      "region": "Europe",
      "region_confidence": {
        "Europe": 1.0
      },
      "region_entropy": -1.000088900581841e-12
    },
    "KX555625/EU2/Italy/2010": {
      "country": "Italy",
      "country_confidence": {
        "Italy": 1.0
      },
      "country_entropy": -1.000088900581841e-12,
      "region": "Europe",
      "region_confidence": {
        "Europe": 1.0
      },
      "region_entropy": -1.000088900581841e-12
    },
    "KX555626/EU2/Germany/2010": {
      "country": "Germany",
      "country_confidence": {
        "Germany": 1.0
      },
      "country_entropy": -1.000088900581841e-12,
      "region": "Europe",
      "region_confidence": {
        "Europe": 1.0
      },
      "region_entropy": -1.000088900581841e-12
    },
    "KX555627/EU2/Italy/2010": {
      "country": "Italy",
      "country_confidence": {
        "Italy": 1.0
      },
      "country_entropy": -1.000088900581841e-12,
      "region": "Europe",
      "region_confidence": {
        "Europe": 1.0
      },
      "region_entropy": -1.000088900581841e-12
    },
    "KX555628/EU2/Italy/2010": {
