{
  "generated_by": {
    "program": "augur",
    "version": "11.2.0"
  },
  "models": {
    "country": {
      "alphabet": [
        "Austria",
        "Belgium",
        "France",
        "Germany",
        "Hungary",
        "Israel",
        "Italy",
        "Netherlands",
        "Senegal",
        "Serbia",
        "South Africa",
        "Spain",
        "Uganda",
        "United Kingdom",
        "?"
      ],
      "equilibrium_probabilities": [
        0.08263543570735897,
        0.06140829248928987,
        0.06644305933471047,
        0.05265076363270749,
        0.0828035168696017,
        0.07734361040357303,
        0.060179058465304254,
        0.05564740243672437,
        0.08302340963448226,
        0.07930011187027391,
        0.0759187018116042,
        0.07294670229037659,
        0.07814217201093333,
        0.07155776304305966
      ],
      "rate": 57.05213524296499,
      "transition_matrix": [
        [
          0.0,
          0.903770890262512,
          0.904357395520811,
          0.9025593936317023,
          1.4876484422733975,
          0.9058553381776784,
          1.5928487742085842,
          0.8974223341082581,
          0.9129514853325591,
          1.0523429619253535,
          0.9071428600317574,
          0.907418127135594,
          0.904683053478724,
          0.9038559067446021
        ],
        [
          0.903770890262512,
          0.0,
          0.9408222092951308,
          1.8261614515606563,
          0.903953485040953,
          0.9067691369114348,
          0.9051988748959041,
          3.709662216294749,
          0.919179311216526,
          0.9037220550468736,
          0.9066776501417051,
          0.9074052297720545,
          0.9042891138347561,
          0.9034223763364975
        ],
        [
          0.904357395520811,
          0.9408222092951308,
          0.0,
          2.8648769286350975,
          0.9045557820825827,
          0.9073925413397286,
          0.9059450490667341,
          1.1308376601117316,
          0.9254707471688077,
          0.9042745354957892,
          0.9090384746137267,
          1.1260382680423036,
          0.904790929556095,
          0.9038499640617766
        ],
        [
          0.9025593936317023,
          1.8261614515606563,
          2.8648769286350975,
          0.0,
          0.9001492399842058,
          0.9140748164415119,
          2.2809779730732886,
          6.784603009400997,
          0.9945715042839254,
          0.8986741569286381,
          0.9063356651508084,
          1.229478433032592,
          0.9003280365877971,
          0.8979440133715859
        ],
        [
          1.4876484422733975,
          0.903953485040953,
          0.9045557820825827,
          0.9001492399842058,
          0.0,
          0.9057610278772718,
          1.3922565741408015,
          0.8974308850901782,
          0.911104686865839,
          1.1967380941788062,
          0.9072942559009393,
          0.9075485909664162,
          0.9048662861931357,
          0.9040858600786843
        ],
        [
          0.9058553381776784,
          0.9067691369114348,
          0.9073925413397286,
          0.9140748164415119,
          0.9057610278772718,
          0.0,
          0.9600051201074444,
          0.9365443583355846,
          1.8399367030975913,
          0.9050891930377116,
          0.9261787755104132,
          0.9274607100637036,
          1.177567915471462,
          0.9045644040120189
        ],
        [
          1.5928487742085842,
          0.9051988748959041,
          0.9059450490667341,
          2.2809779730732886,
          1.3922565741408015,
          0.9600051201074444,
          0.0,
          0.9194816522326831,
          1.3407648129538954,
          1.003846614255906,
          0.9160510600237955,
          0.917262384807865,
          0.9133083627510873,
          0.903626507524176
        ],
        [
          0.8974223341082581,
          3.709662216294749,
          1.1308376601117316,
          6.784603009400997,
          0.8974308850901782,
          0.9365443583355846,
          0.9194816522326831,
          0.0,
          1.1714565206347247,
          0.8973113761055733,
          0.9074660332171441,
          0.9108023358747176,
          0.9026840530057751,
          1.3480795407998087
        ],
        [
          0.9129514853325591,
          0.919179311216526,
          0.9254707471688077,
          0.9945715042839254,
          0.911104686865839,
          1.8399367030975913,
          1.3407648129538954,
          1.1714565206347247,
          0.0,
          0.9091202104606324,
          1.6112386540364103,
          1.2562314303533018,
          1.1121070661303383,
          0.9080166167942635
        ],
        [
          1.0523429619253535,
          0.9037220550468736,
          0.9042745354957892,
          0.8986741569286381,
          1.1967380941788062,
          0.9050891930377116,
          1.003846614255906,
          0.8973113761055733,
          0.9091202104606324,
          0.0,
          0.9067437355446677,
          0.9069913218561162,
          0.9044773583591411,
          0.9038329201349041
        ],
        [
          0.9071428600317574,
          0.9066776501417051,
          0.9090384746137267,
          0.9063356651508084,
          0.9072942559009393,
          0.9261787755104132,
          0.9160510600237955,
          0.9074660332171441,
          1.6112386540364103,
          0.9067437355446677,
          0.0,
          1.0254255774281968,
          0.909826178253765,
          0.906069395193466
        ],
        [
          0.907418127135594,
          0.9074052297720545,
          1.1260382680423036,
          1.229478433032592,
          0.9075485909664162,
          0.9274607100637036,
          0.917262384807865,
          0.9108023358747176,
          1.2562314303533018,
          0.9069913218561162,
          1.0254255774281968,
          0.0,
          0.9101652052735056,
          0.9063209860145297
        ],
        [
          0.904683053478724,
          0.9042891138347561,
          0.904790929556095,
          0.9003280365877971,
          0.9048662861931357,
          1.177567915471462,
          0.9133083627510873,
          0.9026840530057751,
          1.1121070661303383,
          0.9044773583591411,
          0.909826178253765,
          0.9101652052735056,
          0.0,
          0.9039554319734057
        ],
        [
          0.9038559067446021,
          0.9034223763364975,
          0.9038499640617766,
          0.8979440133715859,
          0.9040858600786843,
          0.9045644040120189,
          0.903626507524176,
          1.3480795407998087,
          0.9080166167942635,
          0.9038329201349041,
          0.906069395193466,
          0.9063209860145297,
          0.9039554319734057,
          0.0
        ]
      ]
    },
    "region": {
      "alphabet": [
        "Africa",
        "Europe",
        "Middle-East",
        "?"
      ],
      "equilibrium_probabilities": [
        0.13718557043824295,
        0.5964596819947804,
        0.2663547475669766
      ],
      "rate": 8.33806403409417,
      "transition_matrix": [
        [
          0.0,
          2.861791594623199,
          2.3920333551434383
        ],
        [
          2.861791594623199,
          0.0,
          1.1231018540309439
        ],
        [
          2.3920333551434383,
          1.1231018540309439,
          0.0
        ]
      ]
    }
  },
  "nodes": {
    "AY453411/EU1/Austria/2001": {
      "country": "Austria",
      "country_confidence": {
        "Austria": 1.0
      },
      "country_entropy": -1.000088900581841e-12,
      "region": "Europe",
      "region_confidence": {
        "Europe": 1.0
      },
      "region_entropy": -1.000088900581841e-12
    },
    "EF206350/EU1/Hungary/2006": {
      "country": "Hungary",
      "country_confidence": {
        "Hungary": 1.0
      },
      "country_entropy": -1.000088900581841e-12,
      "region": "Europe",
      "region_confidence": {
        "Europe": 0.9999999999999999
      },
      "region_entropy": -9.99866855976916e-13
    },
    "HE599647/EU3/Germany/2011": {
      "country": "Germany",
      "country_confidence": {
        "Germany": 1.0
      },
      "country_entropy": -1.000088900581841e-12,
      "region": "Europe",
      "region_confidence": {
        "Europe": 1.0
      },
      "region_entropy": -1.000088900581841e-12
    },
    "HM569263/EU2/Italy/2009": {
      "country": "Italy",
      "country_confidence": {
        "Italy": 1.0
      },
      "country_entropy": -1.000088900581841e-12,
      "region": "Europe",
      "region_confidence": {
        "Europe": 1.0
      },
      "region_entropy": -1.000088900581841e-12
    },
    "JF266698/EU2/Italy/2009": {
      "country": "Italy",
      "country_confidence": {
        "Italy": 1.0
      },
      "country_entropy": -1.000088900581841e-12,
      "region": "Europe",
      "region_confidence": {
        "Europe": 1.0
      },
      "region_entropy": -1.000088900581841e-12
    },
    "JQ219843/EU1/Austria/2002": {
      "country": "Austria",
      "country_confidence": {
        "Austria": 0.9999999999999999
      },
      "country_entropy": -9.99866855976916e-13,
      "region": "Europe",
      "region_confidence": {
        "Europe": 1.0
      },
      "region_entropy": -1.000088900581841e-12
    },
    "KC754954/AF2/Senegal/1974": {
      "country": "Senegal",
      "country_confidence": {
        "Senegal": 1.0
      },
      "country_entropy": -1.000088900581841e-12,
      "region": "Africa",
      "region_confidence": {
        "Africa": 1.0
      },
      "region_entropy": -1.000088900581841e-12
    },
    "KC754956/AF3/Senegal/1993": {
      "country": "Senegal",
      "country_confidence": {
        "Senegal": 1.0
      },
      "country_entropy": -1.000088900581841e-12,
      "region": "Africa",
      "region_confidence": {
        "Africa": 1.0
      },
      "region_entropy": -1.000088900581841e-12
    },
    "KC754957/AF3/Senegal/2007": {
      "country": "Senegal",
      "country_confidence": {
        "Senegal": 1.0
      },
      "country_entropy": -1.000088900581841e-12,
      "region": "Africa",
      "region_confidence": {
        "Africa": 0.9999999999999999
      },
      "region_entropy": -9.99866855976916e-13
    },
    "KF573410/AF2/Spain/2006": {
      "country": "Spain",
      "country_confidence": {
        "Spain": 1.0
      },
      "country_entropy": -1.000088900581841e-12,
      "region": "Europe",
      "region_confidence": {
        "Europe": 0.9999999999999999
      },
      "region_entropy": -9.99866855976916e-13
    },
    "KJ438705/EU3/Germany/2010": {
      "country": "Germany",
      "country_confidence": {
        "Germany": 1.0
      },
      "country_entropy": -1.000088900581841e-12,
      "region": "Europe",
      "region_confidence": {
        "Europe": 0.9999999999999999
      },
      "region_entropy": -9.99866855976916e-13
    },
    "KJ438706/EU3/Germany/2011": {
      "country": "Germany",
      "country_confidence": {
        "Germany": 1.0
      },
      "country_entropy": -1.000088900581841e-12,
      "region": "Europe",
      "region_confidence": {
        "Europe": 0.9999999999999999
      },
      "region_entropy": -9.99866855976916e-13
    },
    "KJ438707/EU3/Germany/2011": {
      "country": "Germany",
      "country_confidence": {
        "Germany": 1.0
      },
      "country_entropy": -1.000088900581841e-12,
      "region": "Europe",
      "region_confidence": {
        "Europe": 0.9999999999999999
      },
      "region_entropy": -9.99866855976916e-13
    },
    "KJ438708/EU3/Germany/2011": {
      "country": "Germany",
      "country_confidence": {
        "Germany": 0.9999999999999999
      },
      "country_entropy": -9.99866855976916e-13,
      "region": "Europe",
      "region_confidence": {
        "Europe": 1.0
      },
      "region_entropy": -1.000088900581841e-12
    },
    "KJ438709/EU3/Germany/2012": {
      "country": "Germany",
      "country_confidence": {
        "Germany": 0.9999999999999999
      },
      "country_entropy": -9.99866855976916e-13,
      "region": "Europe",
      "region_confidence": {
        "Europe": 1.0
      },
      "region_entropy": -1.000088900581841e-12
    },
    "KJ438710/EU3/Germany/2011": {
      "country": "Germany",
      "country_confidence": {
        "Germany": 1.0
      },
      "country_entropy": -1.000088900581841e-12,
      "region": "Europe",
      "region_confidence": {
        "Europe": 1.0
      },
      "region_entropy": -1.000088900581841e-12
    },
    "KJ438711/EU3/Germany/2011": {
      "country": "Germany",
      "country_confidence": {
        "Germany": 1.0
      },
      "country_entropy": -1.000088900581841e-12,
      "region": "Europe",
      "region_confidence": {
        "Europe": 1.0
      },
      "region_entropy": -1.000088900581841e-12
    },
    "KJ438712/EU3/Germany/2011": {
      "country": "Germany",
      "country_confidence": {
        "Germany": 1.0
      },
      "country_entropy": -1.000088900581841e-12,
      "region": "Europe",
      "region_confidence": {
        "Europe": 1.0
      },
      "region_entropy": -1.000088900581841e-12
    },
    "KJ438713/EU3/Germany/2011": {
      "country": "Germany",
      "country_confidence": {
        "Germany": 0.9999999999999999
      },
      "country_entropy": -9.99866855976916e-13,
      "region": "Europe",
      "region_confidence": {
        "Europe": 1.0
      },
      "region_entropy": -1.000088900581841e-12
    },
    "KJ438714/EU3/Germany/2011": {
      "country": "Germany",
      "country_confidence": {
        "Germany": 1.0
      },
      "country_entropy": -1.000088900581841e-12,
      "region": "Europe",
      "region_confidence": {
        "Europe": 1.0
      },
      "region_entropy": -1.000088900581841e-12
    },
    "KJ438715/EU3/Germany/2011": {
      "country": "Germany",
      "country_confidence": {
        "Germany": 1.0
      },
      "country_entropy": -1.000088900581841e-12,
      "region": "Europe",
      "region_confidence": {
        "Europe": 1.0
      },
      "region_entropy": -1.000088900581841e-12
    },
    "KJ438716/EU3/Germany/2012": {
      "country": "Germany",
      "country_confidence": {
        "Germany": 1.0
      },
      "country_entropy": -1.000088900581841e-12,
      "region": "Europe",
      "region_confidence": {
        "Europe": 1.0
      },
      "region_entropy": -1.000088900581841e-12
    },
    "KJ438717/EU3/Germany/2012": {
      "country": "Germany",
      "country_confidence": {
        "Germany": 1.0
      },
      "country_entropy": -1.000088900581841e-12,
      "region": "Europe",
      "region_confidence": {
        "Europe": 1.0
      },
      "region_entropy": -1.000088900581841e-12
    },
    "KJ438718/EU3/Germany/2011": {
      "country": "Germany",
      "country_confidence": {
        "Germany": 1.0
      },
      "country_entropy": -1.000088900581841e-12,
      "region": "Europe",
      "region_confidence": {
        "Europe": 0.9999999999999999
      },
      "region_entropy": -9.99866855976916e-13
    },
    "KJ438719/EU3/Germany/2011": {
      "country": "Germany",
      "country_confidence": {
        "Germany": 1.0
      },
      "country_entropy": -1.000088900581841e-12,
      "region": "Europe",
      "region_confidence": {
        "Europe": 0.9999999999999999
      },
      "region_entropy": -9.99866855976916e-13
    },
    "KJ438720/EU3/Germany/2011": {
      "country": "Germany",
      "country_confidence": {
        "Germany": 0.9999999999999999
      },
      "country_entropy": -9.99866855976916e-13,
      "region": "Europe",
      "region_confidence": {
        "Europe": 1.0
      },
      "region_entropy": -1.000088900581841e-12
    },
    "KJ438721/EU3/Germany/2011": {
      "country": "Germany",
      "country_confidence": {
        "Germany": 1.0
      },
      "country_entropy": -1.000088900581841e-12,
      "region": "Europe",
      "region_confidence": {
        "Europe": 0.9999999999999999
      },
      "region_entropy": -9.99866855976916e-13
    },
    "KJ438722/EU3/Germany/2012": {
      "country": "Germany",
      "country_confidence": {
        "Germany": 1.0
      },
      "country_entropy": -1.000088900581841e-12,
      "region": "Europe",
      "region_confidence": {
        "Europe": 0.9999999999999999
      },
      "region_entropy": -9.99866855976916e-13
    },
    "KJ438723/EU3/Germany/2011": {
      "country": "Germany",
      "country_confidence": {
        "Germany": 1.0
      },
      "country_entropy": -1.000088900581841e-12,
      "region": "Europe",
      "region_confidence": {
        "Europe": 1.0
      },
      "region_entropy": -1.000088900581841e-12
    },
    "KJ438724/EU3/Germany/2011": {
      "country": "Germany",
      "country_confidence": {
        "Germany": 1.0
      },
      "country_entropy": -1.000088900581841e-12,
      "region": "Europe",
      "region_confidence": {
        "Europe": 1.0
      },
      "region_entropy": -1.000088900581841e-12
    },
    "KJ438725/EU3/Germany/2011": {
      "country": "Germany",
      "country_confidence": {
        "Germany": 1.0
      },
      "country_entropy": -1.000088900581841e-12,
      "region": "Europe",
      "region_confidence": {
        "Europe": 1.0
      },
      "region_entropy": -1.000088900581841e-12
    },
    "KJ438726/EU3/Germany/2011": {
      "country": "Germany",
      "country_confidence": {
        "Germany": 1.0
      },
      "country_entropy": -1.000088900581841e-12,
      "region": "Europe",
      "region_confidence": {
        "Europe": 1.0
      },
      "region_entropy": -1.000088900581841e-12
    },
    "KJ438727/EU3/Germany/2011": {
      "country": "Germany",
      "country_confidence": {
        "Germany": 1.0
      },
      "country_entropy": -1.000088900581841e-12,
      "region": "Europe",
      "region_confidence": {
        "Europe": 1.0
      },
      "region_entropy": -1.000088900581841e-12
    },
    "KJ438728/EU3/Germany/2011": {
      "country": "Germany",
      "country_confidence": {
        "Germany": 1.0
      },
      "country_entropy": -1.000088900581841e-12,
      "region": "Europe",
      "region_confidence": {
        "Europe": 0.9999999999999999
      },
      "region_entropy": -9.99866855976916e-13
    },
    "KJ438729/EU3/Germany/2012": {
      "country": "Germany",
      "country_confidence": {
        "Germany": 1.0
      },
      "country_entropy": -1.000088900581841e-12,
      "region": "Europe",
      "region_confidence": {
        "Europe": 1.0
      },
      "region_entropy": -1.000088900581841e-12
    },
    "KJ438730/EU3/Germany/2011": {
      "country": "Germany",
      "country_confidence": {
        "Germany": 1.0
      },
      "country_entropy": -1.000088900581841e-12,
      "region": "Europe",
      "region_confidence": {
        "Europe": 1.0
      },
      "region_entropy": -1.000088900581841e-12
    },
    "KJ438731/EU3/Germany/2011": {
      "country": "Germany",
      "country_confidence": {
        "Germany": 1.0
      },
      "country_entropy": -1.000088900581841e-12,
      "region": "Europe",
      "region_confidence": {
        "Europe": 0.9999999999999999
      },
      "region_entropy": -9.99866855976916e-13
    },
    "KJ438732/EU3/Germany/2011": {
      "country": "Germany",
      "country_confidence": {
        "Germany": 1.0
      },
      "country_entropy": -1.000088900581841e-12,
      "region": "Europe",
      "region_confidence": {
        "Europe": 1.0
      },
      "region_entropy": -1.000088900581841e-12
    },
    "KJ438733/EU3/Germany/2012": {
      "country": "Germany",
      "country_confidence": {
        "Germany": 1.0
      },
      "country_entropy": -1.000088900581841e-12,
      "region": "Europe",
      "region_confidence": {
        "Europe": 1.0
      },
      "region_entropy": -1.000088900581841e-12
    },
    "KJ438734/EU3/Germany/2011": {
      "country": "Germany",
      "country_confidence": {
        "Germany": 0.9999999999999999
      },
      "country_entropy": -9.99866855976916e-13,
      "region": "Europe",
      "region_confidence": {
        "Europe": 1.0
      },
      "region_entropy": -1.000088900581841e-12
    },
    "KJ438735/EU3/Germany/2012": {
      "country": "Germany",
      "country_confidence": {
        "Germany": 1.0
      },
      "country_entropy": -1.000088900581841e-12,
      "region": "Europe",
      "region_confidence": {
        "Europe": 0.9999999999999999
      },
      "region_entropy": -9.99866855976916e-13
    },
    "KJ438736/EU3/Germany/2011": {
      "country": "Germany",
      "country_confidence": {
        "Germany": 1.0
      },
      "country_entropy": -1.000088900581841e-12,
      "region": "Europe",
      "region_confidence": {
        "Europe": 1.0
      },
      "region_entropy": -1.000088900581841e-12
    },
    "KJ438737/EU3/Germany/2011": {
      "country": "Germany",
      "country_confidence": {
        "Germany": 1.0
      },
      "country_entropy": -1.000088900581841e-12,
      "region": "Europe",
      "region_confidence": {
        "Europe": 1.0
      },
      "region_entropy": -1.000088900581841e-12
    },
    "KJ438738/EU3/Germany/2011": {
      "country": "Germany",
      "country_confidence": {
        "Germany": 1.0
      },
      "country_entropy": -1.000088900581841e-12,
      "region": "Europe",
      "region_confidence": {
        "Europe": 1.0
      },
      "region_entropy": -1.000088900581841e-12
    },
    "KJ438739/EU3/Germany/2013": {
      "country": "Germany",
      "country_confidence": {
        "Germany": 1.0
      },
      "country_entropy": -1.000088900581841e-12,
      "region": "Europe",
      "region_confidence": {
        "Europe": 1.0
      },
      "region_entropy": -1.000088900581841e-12
    },
    "KJ438740/EU3/Germany/2011": {
      "country": "Germany",
      "country_confidence": {
        "Germany": 1.0
      },
      "country_entropy": -1.000088900581841e-12,
      "region": "Europe",
      "region_confidence": {
        "Europe": 1.0
      },
      "region_entropy": -1.000088900581841e-12
    },
    "KJ438741/EU3/Germany/2013": {
      "country": "Germany",
      "country_confidence": {
        "Germany": 0.9999999999999999
      },
      "country_entropy": -9.99866855976916e-13,
      "region": "Europe",
      "region_confidence": {
        "Europe": 1.0
      },
      "region_entropy": -1.000088900581841e-12
    },
    "KJ438742/EU3/Germany/2013": {
      "country": "Germany",
      "country_confidence": {
        "Germany": 1.0
      },
      "country_entropy": -1.000088900581841e-12,
      "region": "Europe",
      "region_confidence": {
        "Europe": 0.9999999999999999
      },
      "region_entropy": -9.99866855976916e-13
    },
    "KJ438743/EU3/Germany/2011": {
      "country": "Germany",
      "country_confidence": {
        "Germany": 1.0
      },
      "country_entropy": -1.000088900581841e-12,
      "region": "Europe",
      "region_confidence": {
        "Europe": 1.0
      },
      "region_entropy": -1.000088900581841e-12
    },
    "KJ438744/EU3/Germany/2012": {
      "country": "Germany",
      "country_confidence": {
        "Germany": 1.0
      },
      "country_entropy": -1.000088900581841e-12,
      "region": "Europe",
      "region_confidence": {
        "Europe": 1.0
      },
      "region_entropy": -1.000088900581841e-12
    },
    "KJ438745/EU3/Germany/2011": {
      "country": "Germany",
      "country_confidence": {
        "Germany": 0.9999999999999999
      },
      "country_entropy": -9.99866855976916e-13,
      "region": "Europe",
      "region_confidence": {
        "Europe": 0.9999999999999999
      },
      "region_entropy": -9.99866855976916e-13
    },
    "KJ438746/EU3/Germany/2011": {
      "country": "Germany",
      "country_confidence": {
        "Germany": 1.0
      },
      "country_entropy": -1.000088900581841e-12,
      "region": "Europe",
      "region_confidence": {
        "Europe": 1.0
      },
      "region_entropy": -1.000088900581841e-12
    },
    "KJ438747/EU3/Germany/2012": {
      "country": "Germany",
      "country_confidence": {
        "Germany": 1.0
      },
      "country_entropy": -1.000088900581841e-12,
      "region": "Europe",
      "region_confidence": {
        "Europe": 1.0
      },
      "region_entropy": -1.000088900581841e-12
    },
    "KJ438748/EU3/Germany/2012": {
      "country": "Germany",
      "country_confidence": {
        "Germany": 0.9999999999999999
      },
      "country_entropy": -9.99866855976916e-13,
      "region": "Europe",
      "region_confidence": {
        "Europe": 0.9999999999999999
      },
      "region_entropy": -9.99866855976916e-13
    },
    "KJ438749/EU3/Germany/2012": {
      "country": "Germany",
      "country_confidence": {
        "Germany": 1.0
      },
      "country_entropy": -1.000088900581841e-12,
      "region": "Europe",
      "region_confidence": {
        "Europe": 1.0
      },
      "region_entropy": -1.000088900581841e-12
    },
    "KJ438750/EU3/Germany/2011": {
      "country": "Germany",
      "country_confidence": {
        "Germany": 0.9999999999999999
      },
      "country_entropy": -9.99866855976916e-13,
      "region": "Europe",
      "region_confidence": {
        "Europe": 1.0
      },
      "region_entropy": -1.000088900581841e-12
    },
    "KJ438751/EU3/Germany/2011": {
      "country": "Germany",
      "country_confidence": {
        "Germany": 1.0
      },
      "country_entropy": -1.000088900581841e-12,
      "region": "Europe",
      "region_confidence": {
        "Europe": 1.0
      },
      "region_entropy": -1.000088900581841e-12
    },
    "KJ438752/EU3/Germany/2011": {
      "country": "Germany",
      "country_confidence": {
        "Germany": 1.0
      },
      "country_entropy": -1.000088900581841e-12,
      "region": "Europe",
      "region_confidence": {
        "Europe": 0.9999999999999999
      },
      "region_entropy": -9.99866855976916e-13
    },
    "KJ438753/EU3/Germany/2011": {
      "country": "Germany",
      "country_confidence": {
        "Germany": 1.0
      },
      "country_entropy": -1.000088900581841e-12,
      "region": "Europe",
      "region_confidence": {
        "Europe": 0.9999999999999999
      },
      "region_entropy": -9.99866855976916e-13
    },
    "KJ438754/EU3/Germany/2012": {
      "country": "Germany",
      "country_confidence": {
        "Germany": 1.0
      },
      "country_entropy": -1.000088900581841e-12,
      "region": "Europe",
      "region_confidence": {
        "Europe": 1.0
      },
      "region_entropy": -1.000088900581841e-12
    },
    "KJ438755/EU3/Germany/2011": {
      "country": "Germany",
      "country_confidence": {
        "Germany": 1.0
      },
      "country_entropy": -1.000088900581841e-12,
      "region": "Europe",
      "region_confidence": {
        "Europe": 1.0
      },
      "region_entropy": -1.000088900581841e-12
    },
    "KJ438756/EU3/Germany/2011": {
      "country": "Germany",
      "country_confidence": {
        "Germany": 1.0
      },
      "country_entropy": -1.000088900581841e-12,
      "region": "Europe",
      "region_confidence": {
        "Europe": 1.0
      },
      "region_entropy": -1.000088900581841e-12
    },
    "KJ438757/EU3/Germany/2013": {
      "country": "Germany",
      "country_confidence": {
        "Germany": 1.0
      },
      "country_entropy": -1.000088900581841e-12,
      "region": "Europe",
      "region_confidence": {
        "Europe": 1.0
      },
      "region_entropy": -1.000088900581841e-12
    },
    "KJ438758/EU3/Germany/2013": {
      "country": "Germany",
      "country_confidence": {
        "Germany": 0.9999999999999999
      },
      "country_entropy": -9.99866855976916e-13,
      "region": "Europe",
      "region_confidence": {
        "Europe": 0.9999999999999999
      },
      "region_entropy": -9.99866855976916e-13
    },
    "KJ438759/EU3/Germany/2011": {
      "country": "Germany",
      "country_confidence": {
        "Germany": 1.0
      },
      "country_entropy": -1.000088900581841e-12,
      "region": "Europe",
      "region_confidence": {
        "Europe": 0.9999999999999999
      },
      "region_entropy": -9.99866855976916e-13
    },
    "KJ438760/EU3/Germany/2011": {
      "country": "Germany",
      "country_confidence": {
        "Germany": 1.0
      },
      "country_entropy": -1.000088900581841e-12,
      "region": "Europe",
      "region_confidence": {
        "Europe": 0.9999999999999999
      },
      "region_entropy": -9.99866855976916e-13
    },
    "KJ438761/EU3/Germany/2011": {
      "country": "Germany",
      "country_confidence": {
        "Germany": 1.0
      },
      "country_entropy": -1.000088900581841e-12,
      "region": "Europe",
      "region_confidence": {
        "Europe": 1.0
      },
      "region_entropy": -1.000088900581841e-12
    },
    "KJ438762/EU3/Germany/2011": {
      "country": "Germany",
      "country_confidence": {
        "Germany": 1.0
      },
      "country_entropy": -1.000088900581841e-12,
      "region": "Europe",
      "region_confidence": {
        "Europe": 0.9999999999999999
      },
      "region_entropy": -9.99866855976916e-13
    },
    "KJ438763/EU3/Germany/2013": {
      "country": "Germany",
      "country_confidence": {
        "Germany": 1.0
      },
      "country_entropy": -1.000088900581841e-12,
      "region": "Europe",
      "region_confidence": {
        "Europe": 1.0
      },
      "region_entropy": -1.000088900581841e-12
    },
    "KJ438764/EU3/Germany/2013": {
      "country": "Germany",
      "country_confidence": {
        "Germany": 1.0
      },
      "country_entropy": -1.000088900581841e-12,
      "region": "Europe",
      "region_confidence": {
        "Europe": 1.0
      },
      "region_entropy": -1.000088900581841e-12
    },
    "KJ438765/EU3/Germany/2011": {
      "country": "Germany",
      "country_confidence": {
        "Germany": 1.0
      },
      "country_entropy": -1.000088900581841e-12,
      "region": "Europe",
      "region_confidence": {
        "Europe": 0.9999999999999999
      },
      "region_entropy": -9.99866855976916e-13
    },
    "KJ438766/EU3/Germany/2012": {
      "country": "Germany",
      "country_confidence": {
        "Germany": 1.0
      },
      "country_entropy": -1.000088900581841e-12,
      "region": "Europe",
      "region_confidence": {
        "Europe": 0.9999999999999999
      },
      "region_entropy": -9.99866855976916e-13
    },
    "KJ438767/EU3/Germany/2011": {
      "country": "Germany",
      "country_confidence": {
        "Germany": 1.0
      },
      "country_entropy": -1.000088900581841e-12,
      "region": "Europe",
      "region_confidence": {
        "Europe": 1.0
      },
      "region_entropy": -1.000088900581841e-12
    },
    "KJ438768/EU3/Germany/2013": {
      "country": "Germany",
      "country_confidence": {
        "Germany": 1.0
      },
      "country_entropy": -1.000088900581841e-12,
      "region": "Europe",
      "region_confidence": {
        "Europe": 0.9999999999999999
      },
      "region_entropy": -9.99866855976916e-13
    },
    "KJ438769/EU3/Germany/2011": {
      "country": "Germany",
      "country_confidence": {
        "Germany": 1.0
      },
      "country_entropy": -1.000088900581841e-12,
      "region": "Europe",
      "region_confidence": {
        "Europe": 1.0
      },
      "region_entropy": -1.000088900581841e-12
    },
    "KJ438770/EU3/Germany/2013": {
      "country": "Germany",
      "country_confidence": {
        "Germany": 0.9999999999999999
      },
      "country_entropy": -9.99866855976916e-13,
      "region": "Europe",
      "region_confidence": {
        "Europe": 0.9999999999999999
      },
      "region_entropy": -9.99866855976916e-13
    },
    "KJ438771/EU3/Germany/2013": {
      "country": "Germany",
      "country_confidence": {
        "Germany": 1.0
      },
      "country_entropy": -1.000088900581841e-12,
      "region": "Europe",
      "region_confidence": {
        "Europe": 1.0
      },
      "region_entropy": -1.000088900581841e-12
    },
    "KJ438772/EU3/Germany/2011": {
      "country": "Germany",
      "country_confidence": {
        "Germany": 1.0
      },
      "country_entropy": -1.000088900581841e-12,
      "region": "Europe",
      "region_confidence": {
        "Europe": 1.0
      },
      "region_entropy": -1.000088900581841e-12
    },
    "KJ438773/EU3/Germany/2011": {
      "country": "Germany",
      "country_confidence": {
        "Germany": 1.0
      },
      "country_entropy": -1.000088900581841e-12,
      "region": "Europe",
      "region_confidence": {
        "Europe": 0.9999999999999999
      },
      "region_entropy": -9.99866855976916e-13
    },
    "KJ438774/EU3/Germany/2012": {
      "country": "Germany",
      "country_confidence": {
        "Germany": 0.9999999999999999
      },
      "country_entropy": -9.99866855976916e-13,
      "region": "Europe",
      "region_confidence": {
        "Europe": 1.0
      },
      "region_entropy": -1.000088900581841e-12
    },
    "KJ438775/EU3/Germany/2011": {
      "country": "Germany",
      "country_confidence": {
        "Germany": 1.0
      },
      "country_entropy": -1.000088900581841e-12,
      "region": "Europe",
      "region_confidence": {
        "Europe": 0.9999999999999999
      },
      "region_entropy": -9.99866855976916e-13
    },
    "KJ438776/EU3/Germany/2011": {
      "country": "Germany",
      "country_confidence": {
        "Germany": 1.0
      },
      "country_entropy": -1.000088900581841e-12,
      "region": "Europe",
      "region_confidence": {
        "Europe": 1.0
      },
      "region_entropy": -1.000088900581841e-12
    },
    "KJ438777/EU3/Germany/2011": {
      "country": "Germany",
      "country_confidence": {
        "Germany": 1.0
      },
      "country_entropy": -1.000088900581841e-12,
      "region": "Europe",
      "region_confidence": {
        "Europe": 1.0
      },
      "region_entropy": -1.000088900581841e-12
    },
    "KJ438778/EU3/Germany/2011": {
      "country": "Germany",
      "country_confidence": {
        "Germany": 1.0
      },
      "country_entropy": -1.000088900581841e-12,
      "region": "Europe",
      "region_confidence": {
        "Europe": 1.0
      },
      "region_entropy": -1.000088900581841e-12
    },
    "KJ438779/EU3/Germany/2012": {
      "country": "Germany",
      "country_confidence": {
        "Germany": 1.0
      },
      "country_entropy": -1.000088900581841e-12,
      "region": "Europe",
      "region_confidence": {
        "Europe": 1.0
      },
      "region_entropy": -1.000088900581841e-12
    },
    "KJ438780/EU3/Germany/2011": {
      "country": "Germany",
      "country_confidence": {
        "Germany": 1.0
      },
      "country_entropy": -1.000088900581841e-12,
      "region": "Europe",
      "region_confidence": {
        "Europe": 0.9999999999999999
      },
      "region_entropy": -9.99866855976916e-13
    },
    "KJ438781/EU3/Germany/2011": {
      "country": "Germany",
      "country_confidence": {
        "Germany": 1.0
      },
      "country_entropy": -1.000088900581841e-12,
      "region": "Europe",
      "region_confidence": {
        "Europe": 0.9999999999999999
      },
      "region_entropy": -9.99866855976916e-13
    },
    "KJ859682/EU3/Germany/2013": {
      "country": "Germany",
      "country_confidence": {
        "Germany": 0.9999999999999999
      },
      "country_entropy": -9.99866855976916e-13,
      "region": "Europe",
      "region_confidence": {
        "Europe": 1.0
      },
      "region_entropy": -1.000088900581841e-12
    },
    "KJ859683/EU3/Germany/2013": {
      "country": "Germany",
      "country_confidence": {
        "Germany": 1.0
      },
      "country_entropy": -1.000088900581841e-12,
      "region": "Europe",
      "region_confidence": {
        "Europe": 0.9999999999999999
      },
      "region_entropy": -9.99866855976916e-13
    },
    "KM659877/AF3/Germany/2014": {
      "country": "Germany",
      "country_confidence": {
        "Germany": 1.0
      },
      "country_entropy": -1.000088900581841e-12,
      "region": "Europe",
      "region_confidence": {
        "Europe": 1.0
      },
      "region_entropy": -1.000088900581841e-12
    },
    "KU573070/EU2/Italy/2013": {
      "country": "Italy",
      "country_confidence": {
        "Italy": 1.0
      },
      "country_entropy": -1.000088900581841e-12,
      "region": "Europe",
      "region_confidence": {
        "Europe": 1.0
      },
      "region_entropy": -1.000088900581841e-12
    },
    "KU573072/EU2/Italy/2013": {
      "country": "Italy",
      "country_confidence": {
        "Italy": 1.0
      },
      "country_entropy": -1.000088900581841e-12,
      "region": "Europe",
      "region_confidence": {
        "Europe": 1.0
      },
      "region_entropy": -1.000088900581841e-12
    },
    "KU573073/EU4/Italy/2013": {
      "country": "Italy",
      "country_confidence": {
        "Italy": 1.0
      },
      "country_entropy": -1.000088900581841e-12,
      "region": "Europe",
      "region_confidence": {
        "Europe": 1.0
      },
      "region_entropy": -1.000088900581841e-12
    },
    "KU573074/EU2/Italy/2013": {
      "country": "Italy",
      "country_confidence": {
        "Italy": 1.0
      },
      "country_entropy": -1.000088900581841e-12,
      "region": "Europe",
      "region_confidence": {
        "Europe": 1.0
      },
      "region_entropy": -1.000088900581841e-12
    },
    "KU573075/EU2/Italy/2014": {
      "country": "Italy",
      "country_confidence": {
        "Italy": 1.0
      },
      "country_entropy": -1.000088900581841e-12,
      "region": "Europe",
      "region_confidence": {
        "Europe": 1.0
      },
      "region_entropy": -1.000088900581841e-12
    },
    "KU573076/EU2/Italy/2014": {
      "country": "Italy",
      "country_confidence": {
        "Italy": 1.0
      },
      "country_entropy": -1.000088900581841e-12,
      "region": "Europe",
      "region_confidence": {
        "Europe": 1.0
      },
      "region_entropy": -1.000088900581841e-12
    },
    "KU664608/AF2/Germany/2015": {
      "country": "Germany",
      "country_confidence": {
        "Germany": 1.0
      },
      "country_entropy": -1.000088900581841e-12,
      "region": "Europe",
      "region_confidence": {
        "Europe": 0.9999999999999999
      },
      "region_entropy": -9.99866855976916e-13
    },
    "KX555624/EU2/Germany/2010": {
      "country": "Germany",
      "country_confidence": {
        "Germany": 1.0
      },
      "country_entropy": -1.000088900581841e-12,
      "region": "Europe",
      "region_confidence": {
        "Europe": 1.0
      },
      "region_entropy": -1.000088900581841e-12
    },
    "KX555625/EU2/Italy/2010": {
      "country": "Italy",
      "country_confidence": {
        "Italy": 1.0
      },
      "country_entropy": -1.000088900581841e-12,
      "region": "Europe",
      "region_confidence": {
        "Europe": 1.0
      },
      "region_entropy": -1.000088900581841e-12
    },
    "KX555626/EU2/Germany/2010": {
      "country": "Germany",
      "country_confidence": {
        "Germany": 1.0
      },
      "country_entropy": -1.000088900581841e-12,
      "region": "Europe",
      "region_confidence": {
        "Europe": 1.0
      },
      "region_entropy": -1.000088900581841e-12
    },
    "KX555627/EU2/Italy/2010": {
      "country": "Italy",
      "country_confidence": {
        "Italy": 0.9999999999999999
      },
      "country_entropy": -9.99866855976916e-13,
      "region": "Europe",
      "region_confidence": {
        "Europe": 1.0
      },
      "region_entropy": -1.000088900581841e-12
    },
    "KX555628/EU2/Italy/2010": {
      "country": "Italy",
      "country_confidence": {
        "Italy": 0.9999999999999999
      },
      "country_entropy": -9.99866855976916e-13,
      "region": "Europe",
