{
  "generated_by": {
    "program": "augur",
    "version": "7.0.2"
  },
  "models": {
    "country": {
      "alphabet": [
        "Austria",
        "Belgium",
        "Central African Republic",
        "France",
        "Germany",
        "Hungary",
        "Israel",
        "Italy",
        "Netherlands",
        "Senegal",
        "Serbia",
        "South Africa",
        "Spain",
        "Uganda",
        "?"
      ],
      "equilibrium_probabilities": [
        0.081623619225384,
        0.060926816591953294,
        0.07517303933458096,
        0.06805824036848454,
        0.052980987323068426,
        0.08384483524120143,
        0.07705134163626381,
        0.060060823649371375,
        0.05164810288406582,
        0.08426252047563954,
        0.0790010291500681,
        0.07520830544518649,
        0.07262607453432478,
        0.07753426414040739
      ],
      "rate": 57.2561887469946,
      "transition_matrix": [
        [
          0.0,
          0.9045401674267886,
          0.9073007091121781,
          0.904981238832038,
          0.9049353689100358,
          1.6388386580299898,
          0.9064664282035582,
          1.746655924232041,
          0.8986049866974285,
          0.9155277643129539,
          1.0623667655296745,
          0.9078055931602831,
          0.908013806183959,
          0.9054190411782445
        ],
        [
          0.9045401674267886,
          0.0,
          0.9126099183131685,
          0.9050868394741414,
          1.7230217244747017,
          0.9047431627051348,
          0.9076028648823234,
          0.9058607743134315,
          3.8271045285420024,
          0.9245119287402446,
          0.9046868216782852,
          0.9076038447785318,
          0.9081488866095679,
          0.9052560669370318
        ],
        [
          0.9073007091121781,
          0.9126099183131685,
          0.0,
          0.9071395547806912,
          0.919557130827583,
          0.9071471028808996,
          0.9565494861678874,
          0.9361630287377448,
          0.9832870453344228,
          1.26896832176484,
          0.9068780882234447,
          0.9245620642131195,
          0.9240206625136034,
          0.9152361211048559
        ],
        [
          0.904981238832038,
          0.9050868394741414,
          0.9071395547806912,
          0.0,
          2.623816724143434,
          0.905243926038935,
          0.906095298393744,
          0.9053509595657159,
          0.9016756165011958,
          0.9160895092408546,
          0.9051560185446728,
          0.9094063372973086,
          1.1457186501524583,
          0.9053451672247078
        ],
        [
          0.9049353689100358,
          1.7230217244747017,
          0.919557130827583,
          2.623816724143434,
          0.0,
          0.901101157017633,
          0.9078954249006175,
          2.2792984913089356,
          7.374333586535,
          0.9599980754335813,
          0.8999222929609327,
          0.906259399632954,
          1.231876064411824,
          0.9004683079944751
        ],
        [
          1.6388386580299898,
          0.9047431627051348,
          0.9071471028808996,
          0.905243926038935,
          0.901101157017633,
          0.0,
          0.9061250985573913,
          1.0836821401185996,
          0.8983137617520952,
          0.9120269293957518,
          1.1881168236652,
          0.907943459401959,
          0.9081419450924465,
          0.9055817384185587
        ],
        [
          0.9064664282035582,
          0.9076028648823234,
          0.9565494861678874,
          0.906095298393744,
          0.9078954249006175,
          0.9061250985573913,
          0.0,
          0.950914460283444,
          0.9282748853217214,
          1.8343892760405869,
          0.9058852310151913,
          0.9246759702686499,
          0.9243853517274866,
          1.1683864585144856
        ],
        [
          1.746655924232041,
          0.9058607743134315,
          0.9361630287377448,
          0.9053509595657159,
          2.2792984913089356,
          1.0836821401185996,
          0.950914460283444,
          0.0,
          0.9160187358463818,
          1.3334638054885253,
          1.0001332480659406,
          0.9152827290936907,
          0.9156617000869383,
          0.9127883218532923
        ],
        [
          0.8986049866974285,
          3.8271045285420024,
          0.9832870453344228,
          0.9016756165011958,
          7.374333586535,
          0.8983137617520952,
          0.9282748853217214,
          0.9160187358463818,
          0.0,
          1.1627562383095371,
          0.89857357194618,
          0.907865232704659,
          0.9102266290250263,
          0.9030503291299992
        ],
        [
          0.9155277643129539,
          0.9245119287402446,
          1.26896832176484,
          0.9160895092408546,
          0.9599980754335813,
          0.9120269293957518,
          1.8343892760405869,
          1.3334638054885253,
          1.1627562383095371,
          0.0,
          0.9107934455972935,
          1.6244343036807005,
          1.2537462889586235,
          1.122217800167332
        ],
        [
          1.0623667655296745,
          0.9046868216782852,
          0.9068780882234447,
          0.9051560185446728,
          0.8999222929609327,
          1.1881168236652,
          0.9058852310151913,
          1.0001332480659406,
          0.89857357194618,
          0.9107934455972935,
          0.0,
          0.9076679173362667,
          0.9078556028210248,
          0.905455783450725
        ],
        [
          0.9078055931602831,
          0.9076038447785318,
          0.9245620642131195,
          0.9094063372973086,
          0.906259399632954,
          0.907943459401959,
          0.9246759702686499,
          0.9152827290936907,
          0.907865232704659,
          1.6244343036807005,
          0.9076679173362667,
          0.0,
          1.0304938968151351,
          0.910529378066804
        ],
        [
          0.908013806183959,
          0.9081488866095679,
          0.9240206625136034,
          1.1457186501524583,
          1.231876064411824,
          0.9081419450924465,
          0.9243853517274866,
          0.9156617000869383,
          0.9102266290250263,
          1.2537462889586235,
          0.9078556028210248,
          1.0304938968151351,
          0.0,
          0.9105804055150108
        ],
        [
          0.9054190411782445,
          0.9052560669370318,
          0.9152361211048559,
          0.9053451672247078,
          0.9004683079944751,
          0.9055817384185587,
          1.1683864585144856,
          0.9127883218532923,
          0.9030503291299992,
          1.122217800167332,
          0.905455783450725,
          0.910529378066804,
          0.9105804055150108,
          0.0
        ]
      ]
    },
    "region": {
      "alphabet": [
        "Africa",
        "Europe",
        "Middle-East",
        "?"
      ],
      "equilibrium_probabilities": [
        0.14179211876281642,
        0.5875500476684841,
        0.2706578335686995
      ],
      "rate": 8.126801083587027,
      "transition_matrix": [
        [
          0.0,
          2.806377480082755,
          2.3537372837485164
        ],
        [
          2.806377480082755,
          0.0,
          1.1059332706717502
        ],
        [
          2.3537372837485164,
          1.1059332706717502,
          0.0
        ]
      ]
    }
  },
  "nodes": {
    "AY453411/EU1/Austria/2001": {
      "country": "Austria",
      "country_confidence": {
        "Austria": 1.0
      },
      "country_entropy": -1.000088900581841e-12,
      "region": "Europe",
      "region_confidence": {
        "Europe": 0.9999999999999999
      },
      "region_entropy": -9.99866855976916e-13
    },
    "EF206350/EU1/Hungary/2006": {
      "country": "Hungary",
      "country_confidence": {
        "Hungary": 1.0
      },
      "country_entropy": -1.000088900581841e-12,
      "region": "Europe",
      "region_confidence": {
        "Europe": 1.0
      },
      "region_entropy": -1.000088900581841e-12
    },
    "HE599647/EU3/Germany/2011": {
      "country": "Germany",
      "country_confidence": {
        "Germany": 0.9999999999999999
      },
      "country_entropy": -9.99866855976916e-13,
      "region": "Europe",
      "region_confidence": {
        "Europe": 1.0
      },
      "region_entropy": -1.000088900581841e-12
    },
    "HM569263/EU2/Italy/2009": {
      "country": "Italy",
      "country_confidence": {
        "Italy": 0.9999999999999999
      },
      "country_entropy": -9.99866855976916e-13,
      "region": "Europe",
      "region_confidence": {
        "Europe": 1.0
      },
      "region_entropy": -1.000088900581841e-12
    },
    "JF266698/EU2/Italy/2009": {
      "country": "Italy",
      "country_confidence": {
        "Italy": 1.0
      },
      "country_entropy": -1.000088900581841e-12,
      "region": "Europe",
      "region_confidence": {
        "Europe": 1.0
      },
      "region_entropy": -1.000088900581841e-12
    },
    "JQ219843/EU1/Austria/2002": {
      "country": "Austria",
      "country_confidence": {
        "Austria": 1.0
      },
      "country_entropy": -1.000088900581841e-12,
      "region": "Europe",
      "region_confidence": {
        "Europe": 0.9999999999999999
      },
      "region_entropy": -9.99866855976916e-13
    },
    "KC754954/AF2/Senegal/1974": {
      "country": "Senegal",
      "country_confidence": {
        "Senegal": 0.9999999999999999
      },
      "country_entropy": -9.99866855976916e-13,
      "region": "Africa",
      "region_confidence": {
        "Africa": 0.9999999999999999
      },
      "region_entropy": -9.99866855976916e-13
    },
    "KC754955/AF3/CAR/1981": {
      "country": "Central African Republic",
      "country_confidence": {
        "Central African Republic": 1.0
      },
      "country_entropy": -1.000088900581841e-12,
      "region": "Africa",
      "region_confidence": {
        "Africa": 0.9999999999999999
      },
      "region_entropy": -9.99866855976916e-13
    },
    "KC754956/AF3/Senegal/1993": {
      "country": "Senegal",
      "country_confidence": {
        "Senegal": 1.0
      },
      "country_entropy": -1.000088900581841e-12,
      "region": "Africa",
      "region_confidence": {
        "Africa": 1.0
      },
      "region_entropy": -1.000088900581841e-12
    },
    "KC754957/AF3/Senegal/2007": {
      "country": "Senegal",
      "country_confidence": {
        "Senegal": 1.0
      },
      "country_entropy": -1.000088900581841e-12,
      "region": "Africa",
      "region_confidence": {
        "Africa": 1.0
      },
      "region_entropy": -1.000088900581841e-12
    },
    "KF573410/AF2/Spain/2006": {
      "country": "Spain",
      "country_confidence": {
        "Spain": 1.0
      },
      "country_entropy": -1.000088900581841e-12,
      "region": "Europe",
      "region_confidence": {
        "Europe": 1.0
      },
      "region_entropy": -1.000088900581841e-12
    },
    "KJ438705/EU3/Germany/2010": {
      "country": "Germany",
      "country_confidence": {
        "Germany": 1.0
      },
      "country_entropy": -1.000088900581841e-12,
      "region": "Europe",
      "region_confidence": {
        "Europe": 1.0
      },
      "region_entropy": -1.000088900581841e-12
    },
    "KJ438706/EU3/Germany/2011": {
      "country": "Germany",
      "country_confidence": {
        "Germany": 0.9999999999999999
      },
      "country_entropy": -9.99866855976916e-13,
      "region": "Europe",
      "region_confidence": {
        "Europe": 1.0
      },
      "region_entropy": -1.000088900581841e-12
    },
    "KJ438707/EU3/Germany/2011": {
      "country": "Germany",
      "country_confidence": {
        "Germany": 1.0
      },
      "country_entropy": -1.000088900581841e-12,
      "region": "Europe",
      "region_confidence": {
        "Europe": 0.9999999999999999
      },
      "region_entropy": -9.99866855976916e-13
    },
    "KJ438708/EU3/Germany/2011": {
      "country": "Germany",
      "country_confidence": {
        "Germany": 1.0
      },
      "country_entropy": -1.000088900581841e-12,
      "region": "Europe",
      "region_confidence": {
        "Europe": 1.0
      },
      "region_entropy": -1.000088900581841e-12
    },
    "KJ438709/EU3/Germany/2012": {
      "country": "Germany",
      "country_confidence": {
        "Germany": 1.0
      },
      "country_entropy": -1.000088900581841e-12,
      "region": "Europe",
      "region_confidence": {
        "Europe": 1.0
      },
      "region_entropy": -1.000088900581841e-12
    },
    "KJ438710/EU3/Germany/2011": {
      "country": "Germany",
      "country_confidence": {
        "Germany": 1.0
      },
      "country_entropy": -1.000088900581841e-12,
      "region": "Europe",
      "region_confidence": {
        "Europe": 1.0
      },
      "region_entropy": -1.000088900581841e-12
    },
    "KJ438711/EU3/Germany/2011": {
      "country": "Germany",
      "country_confidence": {
        "Germany": 1.0
      },
      "country_entropy": -1.000088900581841e-12,
      "region": "Europe",
      "region_confidence": {
        "Europe": 1.0
      },
      "region_entropy": -1.000088900581841e-12
    },
    "KJ438712/EU3/Germany/2011": {
      "country": "Germany",
      "country_confidence": {
        "Germany": 1.0
      },
      "country_entropy": -1.000088900581841e-12,
      "region": "Europe",
      "region_confidence": {
        "Europe": 1.0
      },
      "region_entropy": -1.000088900581841e-12
    },
    "KJ438713/EU3/Germany/2011": {
      "country": "Germany",
      "country_confidence": {
        "Germany": 1.0
      },
      "country_entropy": -1.000088900581841e-12,
      "region": "Europe",
      "region_confidence": {
        "Europe": 1.0
      },
      "region_entropy": -1.000088900581841e-12
    },
    "KJ438714/EU3/Germany/2011": {
      "country": "Germany",
      "country_confidence": {
        "Germany": 1.0
      },
      "country_entropy": -1.000088900581841e-12,
      "region": "Europe",
      "region_confidence": {
        "Europe": 1.0
      },
      "region_entropy": -1.000088900581841e-12
    },
    "KJ438715/EU3/Germany/2011": {
      "country": "Germany",
      "country_confidence": {
        "Germany": 0.9999999999999999
      },
      "country_entropy": -9.99866855976916e-13,
      "region": "Europe",
      "region_confidence": {
        "Europe": 0.9999999999999999
      },
      "region_entropy": -9.99866855976916e-13
    },
    "KJ438716/EU3/Germany/2012": {
      "country": "Germany",
      "country_confidence": {
        "Germany": 1.0
      },
      "country_entropy": -1.000088900581841e-12,
      "region": "Europe",
      "region_confidence": {
        "Europe": 0.9999999999999999
      },
      "region_entropy": -9.99866855976916e-13
    },
    "KJ438717/EU3/Germany/2012": {
      "country": "Germany",
      "country_confidence": {
        "Germany": 1.0
      },
      "country_entropy": -1.000088900581841e-12,
      "region": "Europe",
      "region_confidence": {
        "Europe": 0.9999999999999999
      },
      "region_entropy": -9.99866855976916e-13
    },
    "KJ438718/EU3/Germany/2011": {
      "country": "Germany",
      "country_confidence": {
        "Germany": 1.0
      },
      "country_entropy": -1.000088900581841e-12,
      "region": "Europe",
      "region_confidence": {
        "Europe": 0.9999999999999999
      },
      "region_entropy": -9.99866855976916e-13
    },
    "KJ438719/EU3/Germany/2011": {
      "country": "Germany",
      "country_confidence": {
        "Germany": 1.0
      },
      "country_entropy": -1.000088900581841e-12,
      "region": "Europe",
      "region_confidence": {
        "Europe": 1.0
      },
      "region_entropy": -1.000088900581841e-12
    },
    "KJ438720/EU3/Germany/2011": {
      "country": "Germany",
      "country_confidence": {
        "Germany": 1.0
      },
      "country_entropy": -1.000088900581841e-12,
      "region": "Europe",
      "region_confidence": {
        "Europe": 1.0
      },
      "region_entropy": -1.000088900581841e-12
    },
    "KJ438721/EU3/Germany/2011": {
      "country": "Germany",
      "country_confidence": {
        "Germany": 1.0
      },
      "country_entropy": -1.000088900581841e-12,
      "region": "Europe",
      "region_confidence": {
        "Europe": 1.0
      },
      "region_entropy": -1.000088900581841e-12
    },
    "KJ438722/EU3/Germany/2012": {
      "country": "Germany",
      "country_confidence": {
        "Germany": 1.0
      },
      "country_entropy": -1.000088900581841e-12,
      "region": "Europe",
      "region_confidence": {
        "Europe": 0.9999999999999999
      },
      "region_entropy": -9.99866855976916e-13
    },
    "KJ438723/EU3/Germany/2011": {
      "country": "Germany",
      "country_confidence": {
        "Germany": 1.0
      },
      "country_entropy": -1.000088900581841e-12,
      "region": "Europe",
      "region_confidence": {
        "Europe": 1.0
      },
      "region_entropy": -1.000088900581841e-12
    },
    "KJ438724/EU3/Germany/2011": {
      "country": "Germany",
      "country_confidence": {
        "Germany": 1.0
      },
      "country_entropy": -1.000088900581841e-12,
      "region": "Europe",
      "region_confidence": {
        "Europe": 1.0
      },
      "region_entropy": -1.000088900581841e-12
    },
    "KJ438725/EU3/Germany/2011": {
      "country": "Germany",
      "country_confidence": {
        "Germany": 1.0
      },
      "country_entropy": -1.000088900581841e-12,
      "region": "Europe",
      "region_confidence": {
        "Europe": 1.0
      },
      "region_entropy": -1.000088900581841e-12
    },
    "KJ438726/EU3/Germany/2011": {
      "country": "Germany",
      "country_confidence": {
        "Germany": 1.0
      },
      "country_entropy": -1.000088900581841e-12,
      "region": "Europe",
      "region_confidence": {
        "Europe": 1.0
      },
      "region_entropy": -1.000088900581841e-12
    },
    "KJ438727/EU3/Germany/2011": {
      "country": "Germany",
      "country_confidence": {
        "Germany": 1.0
      },
      "country_entropy": -1.000088900581841e-12,
      "region": "Europe",
      "region_confidence": {
        "Europe": 1.0
      },
      "region_entropy": -1.000088900581841e-12
    },
    "KJ438728/EU3/Germany/2011": {
      "country": "Germany",
      "country_confidence": {
        "Germany": 1.0
      },
      "country_entropy": -1.000088900581841e-12,
      "region": "Europe",
      "region_confidence": {
        "Europe": 1.0
      },
      "region_entropy": -1.000088900581841e-12
    },
    "KJ438729/EU3/Germany/2012": {
      "country": "Germany",
      "country_confidence": {
        "Germany": 1.0
      },
      "country_entropy": -1.000088900581841e-12,
      "region": "Europe",
      "region_confidence": {
        "Europe": 1.0
      },
      "region_entropy": -1.000088900581841e-12
    },
    "KJ438730/EU3/Germany/2011": {
      "country": "Germany",
      "country_confidence": {
        "Germany": 1.0
      },
      "country_entropy": -1.000088900581841e-12,
      "region": "Europe",
      "region_confidence": {
        "Europe": 1.0
      },
      "region_entropy": -1.000088900581841e-12
    },
    "KJ438731/EU3/Germany/2011": {
      "country": "Germany",
      "country_confidence": {
        "Germany": 1.0
      },
      "country_entropy": -1.000088900581841e-12,
      "region": "Europe",
      "region_confidence": {
        "Europe": 1.0
      },
      "region_entropy": -1.000088900581841e-12
    },
    "KJ438732/EU3/Germany/2011": {
      "country": "Germany",
      "country_confidence": {
        "Germany": 0.9999999999999999
      },
      "country_entropy": -9.99866855976916e-13,
      "region": "Europe",
      "region_confidence": {
        "Europe": 1.0
      },
      "region_entropy": -1.000088900581841e-12
    },
    "KJ438733/EU3/Germany/2012": {
      "country": "Germany",
      "country_confidence": {
        "Germany": 1.0
      },
      "country_entropy": -1.000088900581841e-12,
      "region": "Europe",
      "region_confidence": {
        "Europe": 1.0
      },
      "region_entropy": -1.000088900581841e-12
    },
    "KJ438734/EU3/Germany/2011": {
      "country": "Germany",
      "country_confidence": {
        "Germany": 1.0
      },
      "country_entropy": -1.000088900581841e-12,
      "region": "Europe",
      "region_confidence": {
        "Europe": 1.0
      },
      "region_entropy": -1.000088900581841e-12
    },
    "KJ438735/EU3/Germany/2012": {
      "country": "Germany",
      "country_confidence": {
        "Germany": 1.0
      },
      "country_entropy": -1.000088900581841e-12,
      "region": "Europe",
      "region_confidence": {
        "Europe": 1.0
      },
      "region_entropy": -1.000088900581841e-12
    },
    "KJ438736/EU3/Germany/2011": {
      "country": "Germany",
      "country_confidence": {
        "Germany": 1.0
      },
      "country_entropy": -1.000088900581841e-12,
      "region": "Europe",
      "region_confidence": {
        "Europe": 0.9999999999999999
      },
      "region_entropy": -9.99866855976916e-13
    },
    "KJ438737/EU3/Germany/2011": {
      "country": "Germany",
      "country_confidence": {
        "Germany": 0.9999999999999999
      },
      "country_entropy": -9.99866855976916e-13,
      "region": "Europe",
      "region_confidence": {
        "Europe": 1.0
      },
      "region_entropy": -1.000088900581841e-12
    },
    "KJ438738/EU3/Germany/2011": {
      "country": "Germany",
      "country_confidence": {
        "Germany": 1.0
      },
      "country_entropy": -1.000088900581841e-12,
      "region": "Europe",
      "region_confidence": {
        "Europe": 1.0
      },
      "region_entropy": -1.000088900581841e-12
    },
    "KJ438739/EU3/Germany/2013": {
      "country": "Germany",
      "country_confidence": {
        "Germany": 1.0
      },
      "country_entropy": -1.000088900581841e-12,
      "region": "Europe",
      "region_confidence": {
        "Europe": 1.0
      },
      "region_entropy": -1.000088900581841e-12
    },
    "KJ438740/EU3/Germany/2011": {
      "country": "Germany",
      "country_confidence": {
        "Germany": 1.0
      },
      "country_entropy": -1.000088900581841e-12,
      "region": "Europe",
      "region_confidence": {
        "Europe": 0.9999999999999999
      },
      "region_entropy": -9.99866855976916e-13
    },
    "KJ438741/EU3/Germany/2013": {
      "country": "Germany",
      "country_confidence": {
        "Germany": 0.9999999999999999
      },
      "country_entropy": -9.99866855976916e-13,
      "region": "Europe",
      "region_confidence": {
        "Europe": 1.0
      },
      "region_entropy": -1.000088900581841e-12
    },
    "KJ438742/EU3/Germany/2013": {
      "country": "Germany",
      "country_confidence": {
        "Germany": 1.0
      },
      "country_entropy": -1.000088900581841e-12,
      "region": "Europe",
      "region_confidence": {
        "Europe": 1.0
      },
      "region_entropy": -1.000088900581841e-12
    },
    "KJ438743/EU3/Germany/2011": {
      "country": "Germany",
      "country_confidence": {
        "Germany": 1.0
      },
      "country_entropy": -1.000088900581841e-12,
      "region": "Europe",
      "region_confidence": {
        "Europe": 1.0
      },
      "region_entropy": -1.000088900581841e-12
    },
    "KJ438744/EU3/Germany/2012": {
      "country": "Germany",
      "country_confidence": {
        "Germany": 1.0
      },
      "country_entropy": -1.000088900581841e-12,
      "region": "Europe",
      "region_confidence": {
        "Europe": 1.0
      },
      "region_entropy": -1.000088900581841e-12
    },
    "KJ438745/EU3/Germany/2011": {
      "country": "Germany",
      "country_confidence": {
        "Germany": 0.9999999999999999
      },
      "country_entropy": -9.99866855976916e-13,
      "region": "Europe",
      "region_confidence": {
        "Europe": 1.0
      },
      "region_entropy": -1.000088900581841e-12
    },
    "KJ438746/EU3/Germany/2011": {
      "country": "Germany",
      "country_confidence": {
        "Germany": 0.9999999999999999
      },
      "country_entropy": -9.99866855976916e-13,
      "region": "Europe",
      "region_confidence": {
        "Europe": 1.0
      },
      "region_entropy": -1.000088900581841e-12
    },
    "KJ438747/EU3/Germany/2012": {
      "country": "Germany",
      "country_confidence": {
        "Germany": 1.0
      },
      "country_entropy": -1.000088900581841e-12,
      "region": "Europe",
      "region_confidence": {
        "Europe": 1.0
      },
      "region_entropy": -1.000088900581841e-12
    },
    "KJ438748/EU3/Germany/2012": {
      "country": "Germany",
      "country_confidence": {
        "Germany": 1.0
      },
      "country_entropy": -1.000088900581841e-12,
      "region": "Europe",
      "region_confidence": {
        "Europe": 1.0
      },
      "region_entropy": -1.000088900581841e-12
    },
    "KJ438749/EU3/Germany/2012": {
      "country": "Germany",
      "country_confidence": {
        "Germany": 1.0
      },
      "country_entropy": -1.000088900581841e-12,
      "region": "Europe",
      "region_confidence": {
        "Europe": 0.9999999999999999
      },
      "region_entropy": -9.99866855976916e-13
    },
    "KJ438750/EU3/Germany/2011": {
      "country": "Germany",
      "country_confidence": {
        "Germany": 1.0
      },
      "country_entropy": -1.000088900581841e-12,
      "region": "Europe",
      "region_confidence": {
        "Europe": 1.0
      },
      "region_entropy": -1.000088900581841e-12
    },
    "KJ438751/EU3/Germany/2011": {
      "country": "Germany",
      "country_confidence": {
        "Germany": 1.0
      },
      "country_entropy": -1.000088900581841e-12,
      "region": "Europe",
      "region_confidence": {
        "Europe": 1.0
      },
      "region_entropy": -1.000088900581841e-12
    },
    "KJ438752/EU3/Germany/2011": {
      "country": "Germany",
      "country_confidence": {
        "Germany": 1.0
      },
      "country_entropy": -1.000088900581841e-12,
      "region": "Europe",
      "region_confidence": {
        "Europe": 1.0
      },
      "region_entropy": -1.000088900581841e-12
    },
    "KJ438753/EU3/Germany/2011": {
      "country": "Germany",
      "country_confidence": {
        "Germany": 1.0
      },
      "country_entropy": -1.000088900581841e-12,
      "region": "Europe",
      "region_confidence": {
        "Europe": 1.0
      },
      "region_entropy": -1.000088900581841e-12
    },
    "KJ438754/EU3/Germany/2012": {
      "country": "Germany",
      "country_confidence": {
        "Germany": 1.0
      },
      "country_entropy": -1.000088900581841e-12,
      "region": "Europe",
      "region_confidence": {
        "Europe": 1.0
      },
      "region_entropy": -1.000088900581841e-12
    },
    "KJ438755/EU3/Germany/2011": {
      "country": "Germany",
      "country_confidence": {
        "Germany": 1.0
      },
      "country_entropy": -1.000088900581841e-12,
      "region": "Europe",
      "region_confidence": {
        "Europe": 1.0
      },
      "region_entropy": -1.000088900581841e-12
    },
    "KJ438756/EU3/Germany/2011": {
      "country": "Germany",
      "country_confidence": {
        "Germany": 1.0
      },
      "country_entropy": -1.000088900581841e-12,
      "region": "Europe",
      "region_confidence": {
        "Europe": 0.9999999999999999
      },
      "region_entropy": -9.99866855976916e-13
    },
    "KJ438757/EU3/Germany/2013": {
      "country": "Germany",
      "country_confidence": {
        "Germany": 0.9999999999999999
      },
      "country_entropy": -9.99866855976916e-13,
      "region": "Europe",
      "region_confidence": {
        "Europe": 1.0
      },
      "region_entropy": -1.000088900581841e-12
    },
    "KJ438758/EU3/Germany/2013": {
      "country": "Germany",
      "country_confidence": {
        "Germany": 1.0
      },
      "country_entropy": -1.000088900581841e-12,
      "region": "Europe",
      "region_confidence": {
        "Europe": 1.0
      },
      "region_entropy": -1.000088900581841e-12
    },
    "KJ438759/EU3/Germany/2011": {
      "country": "Germany",
      "country_confidence": {
        "Germany": 1.0
      },
      "country_entropy": -1.000088900581841e-12,
      "region": "Europe",
      "region_confidence": {
        "Europe": 1.0
      },
      "region_entropy": -1.000088900581841e-12
    },
    "KJ438760/EU3/Germany/2011": {
      "country": "Germany",
      "country_confidence": {
        "Germany": 1.0
      },
      "country_entropy": -1.000088900581841e-12,
      "region": "Europe",
      "region_confidence": {
        "Europe": 0.9999999999999999
      },
      "region_entropy": -9.99866855976916e-13
    },
    "KJ438761/EU3/Germany/2011": {
      "country": "Germany",
      "country_confidence": {
        "Germany": 1.0
      },
      "country_entropy": -1.000088900581841e-12,
      "region": "Europe",
      "region_confidence": {
        "Europe": 1.0
      },
      "region_entropy": -1.000088900581841e-12
    },
    "KJ438762/EU3/Germany/2011": {
      "country": "Germany",
      "country_confidence": {
        "Germany": 1.0
      },
      "country_entropy": -1.000088900581841e-12,
      "region": "Europe",
      "region_confidence": {
        "Europe": 1.0
      },
      "region_entropy": -1.000088900581841e-12
    },
    "KJ438763/EU3/Germany/2013": {
      "country": "Germany",
      "country_confidence": {
        "Germany": 1.0
      },
      "country_entropy": -1.000088900581841e-12,
      "region": "Europe",
      "region_confidence": {
        "Europe": 1.0
      },
      "region_entropy": -1.000088900581841e-12
    },
    "KJ438764/EU3/Germany/2013": {
      "country": "Germany",
      "country_confidence": {
        "Germany": 1.0
      },
      "country_entropy": -1.000088900581841e-12,
      "region": "Europe",
      "region_confidence": {
        "Europe": 0.9999999999999999
      },
      "region_entropy": -9.99866855976916e-13
    },
    "KJ438765/EU3/Germany/2011": {
      "country": "Germany",
      "country_confidence": {
        "Germany": 1.0
      },
      "country_entropy": -1.000088900581841e-12,
      "region": "Europe",
      "region_confidence": {
        "Europe": 1.0
      },
      "region_entropy": -1.000088900581841e-12
    },
    "KJ438766/EU3/Germany/2012": {
      "country": "Germany",
      "country_confidence": {
        "Germany": 1.0
      },
      "country_entropy": -1.000088900581841e-12,
      "region": "Europe",
      "region_confidence": {
        "Europe": 1.0
      },
      "region_entropy": -1.000088900581841e-12
    },
    "KJ438767/EU3/Germany/2011": {
      "country": "Germany",
      "country_confidence": {
        "Germany": 1.0
      },
      "country_entropy": -1.000088900581841e-12,
      "region": "Europe",
      "region_confidence": {
        "Europe": 0.9999999999999999
      },
      "region_entropy": -9.99866855976916e-13
    },
    "KJ438768/EU3/Germany/2013": {
      "country": "Germany",
      "country_confidence": {
        "Germany": 1.0
      },
      "country_entropy": -1.000088900581841e-12,
      "region": "Europe",
      "region_confidence": {
        "Europe": 1.0
      },
      "region_entropy": -1.000088900581841e-12
    },
    "KJ438769/EU3/Germany/2011": {
      "country": "Germany",
      "country_confidence": {
        "Germany": 0.9999999999999999
      },
      "country_entropy": -9.99866855976916e-13,
      "region": "Europe",
      "region_confidence": {
        "Europe": 0.9999999999999999
      },
      "region_entropy": -9.99866855976916e-13
    },
    "KJ438770/EU3/Germany/2013": {
      "country": "Germany",
      "country_confidence": {
        "Germany": 1.0
      },
      "country_entropy": -1.000088900581841e-12,
      "region": "Europe",
      "region_confidence": {
        "Europe": 0.9999999999999999
      },
      "region_entropy": -9.99866855976916e-13
    },
    "KJ438771/EU3/Germany/2013": {
      "country": "Germany",
      "country_confidence": {
        "Germany": 1.0
      },
      "country_entropy": -1.000088900581841e-12,
      "region": "Europe",
      "region_confidence": {
        "Europe": 1.0
      },
      "region_entropy": -1.000088900581841e-12
    },
    "KJ438772/EU3/Germany/2011": {
      "country": "Germany",
      "country_confidence": {
        "Germany": 1.0
      },
      "country_entropy": -1.000088900581841e-12,
      "region": "Europe",
      "region_confidence": {
        "Europe": 1.0
      },
      "region_entropy": -1.000088900581841e-12
    },
    "KJ438773/EU3/Germany/2011": {
      "country": "Germany",
      "country_confidence": {
        "Germany": 1.0
      },
      "country_entropy": -1.000088900581841e-12,
      "region": "Europe",
      "region_confidence": {
        "Europe": 1.0
      },
      "region_entropy": -1.000088900581841e-12
    },
    "KJ438774/EU3/Germany/2012": {
      "country": "Germany",
      "country_confidence": {
        "Germany": 1.0
      },
      "country_entropy": -1.000088900581841e-12,
      "region": "Europe",
      "region_confidence": {
        "Europe": 1.0
      },
      "region_entropy": -1.000088900581841e-12
    },
    "KJ438775/EU3/Germany/2011": {
      "country": "Germany",
      "country_confidence": {
        "Germany": 1.0
      },
      "country_entropy": -1.000088900581841e-12,
      "region": "Europe",
      "region_confidence": {
        "Europe": 1.0
      },
      "region_entropy": -1.000088900581841e-12
    },
    "KJ438776/EU3/Germany/2011": {
      "country": "Germany",
      "country_confidence": {
        "Germany": 1.0
      },
      "country_entropy": -1.000088900581841e-12,
      "region": "Europe",
      "region_confidence": {
        "Europe": 1.0
      },
      "region_entropy": -1.000088900581841e-12
    },
    "KJ438777/EU3/Germany/2011": {
      "country": "Germany",
      "country_confidence": {
        "Germany": 1.0
      },
      "country_entropy": -1.000088900581841e-12,
      "region": "Europe",
      "region_confidence": {
        "Europe": 1.0
      },
      "region_entropy": -1.000088900581841e-12
    },
    "KJ438778/EU3/Germany/2011": {
      "country": "Germany",
      "country_confidence": {
        "Germany": 1.0
      },
      "country_entropy": -1.000088900581841e-12,
      "region": "Europe",
      "region_confidence": {
        "Europe": 0.9999999999999999
      },
      "region_entropy": -9.99866855976916e-13
    },
    "KJ438779/EU3/Germany/2012": {
      "country": "Germany",
      "country_confidence": {
        "Germany": 1.0
      },
      "country_entropy": -1.000088900581841e-12,
      "region": "Europe",
      "region_confidence": {
        "Europe": 1.0
      },
      "region_entropy": -1.000088900581841e-12
    },
    "KJ438780/EU3/Germany/2011": {
      "country": "Germany",
      "country_confidence": {
        "Germany": 1.0
      },
      "country_entropy": -1.000088900581841e-12,
      "region": "Europe",
      "region_confidence": {
        "Europe": 0.9999999999999999
      },
      "region_entropy": -9.99866855976916e-13
    },
    "KJ438781/EU3/Germany/2011": {
      "country": "Germany",
      "country_confidence": {
        "Germany": 1.0
      },
      "country_entropy": -1.000088900581841e-12,
      "region": "Europe",
      "region_confidence": {
        "Europe": 0.9999999999999999
      },
      "region_entropy": -9.99866855976916e-13
    },
    "KJ859682/EU3/Germany/2013": {
      "country": "Germany",
      "country_confidence": {
        "Germany": 1.0
      },
      "country_entropy": -1.000088900581841e-12,
      "region": "Europe",
      "region_confidence": {
        "Europe": 0.9999999999999999
      },
      "region_entropy": -9.99866855976916e-13
    },
    "KJ859683/EU3/Germany/2013": {
      "country": "Germany",
      "country_confidence": {
        "Germany": 1.0
      },
      "country_entropy": -1.000088900581841e-12,
      "region": "Europe",
      "region_confidence": {
        "Europe": 1.0
      },
      "region_entropy": -1.000088900581841e-12
    },
    "KM659877/AF3/Germany/2014": {
      "country": "Germany",
      "country_confidence": {
        "Germany": 1.0
      },
      "country_entropy": -1.000088900581841e-12,
      "region": "Europe",
      "region_confidence": {
        "Europe": 1.0
      },
      "region_entropy": -1.000088900581841e-12
    },
    "KU573070/EU2/Italy/2013": {
      "country": "Italy",
      "country_confidence": {
        "Italy": 1.0
      },
      "country_entropy": -1.000088900581841e-12,
      "region": "Europe",
      "region_confidence": {
        "Europe": 0.9999999999999999
      },
      "region_entropy": -9.99866855976916e-13
    },
    "KU573072/EU2/Italy/2013": {
      "country": "Italy",
      "country_confidence": {
        "Italy": 1.0
      },
      "country_entropy": -1.000088900581841e-12,
      "region": "Europe",
      "region_confidence": {
        "Europe": 1.0
      },
      "region_entropy": -1.000088900581841e-12
    },
    "KU573073/EU4/Italy/23013": {
      "country": "Italy",
      "country_confidence": {
        "Italy": 0.9999999999999999
      },
      "country_entropy": -9.99866855976916e-13,
      "region": "Europe",
      "region_confidence": {
        "Europe": 1.0
      },
      "region_entropy": -1.000088900581841e-12
    },
    "KU573074/EU2/Italy/2013": {
      "country": "Italy",
      "country_confidence": {
        "Italy": 1.0
      },
      "country_entropy": -1.000088900581841e-12,
      "region": "Europe",
      "region_confidence": {
        "Europe": 0.9999999999999999
      },
      "region_entropy": -9.99866855976916e-13
    },
    "KU573075/EU2/Italy/2014": {
      "country": "Italy",
      "country_confidence": {
        "Italy": 1.0
      },
      "country_entropy": -1.000088900581841e-12,
      "region": "Europe",
      "region_confidence": {
        "Europe": 1.0
      },
      "region_entropy": -1.000088900581841e-12
    },
    "KU573076/EU2/Italy/2014": {
      "country": "Italy",
      "country_confidence": {
        "Italy": 1.0
      },
      "country_entropy": -1.000088900581841e-12,
      "region": "Europe",
      "region_confidence": {
        "Europe": 1.0
      },
      "region_entropy": -1.000088900581841e-12
    },
    "KU664608/AF2/Germany/2015": {
      "country": "Germany",
      "country_confidence": {
        "Germany": 1.0
      },
      "country_entropy": -1.000088900581841e-12,
      "region": "Europe",
      "region_confidence": {
        "Europe": 1.0
      },
      "region_entropy": -1.000088900581841e-12
    },
    "KX555624/EU2/Germany/2010": {
      "country": "Germany",
      "country_confidence": {
        "Germany": 0.9999999999999999
      },
      "country_entropy": -9.99866855976916e-13,
      "region": "Europe",
      "region_confidence": {
        "Europe": 1.0
      },
      "region_entropy": -1.000088900581841e-12
    },
    "KX555625/EU2/Italy/2010": {
      "country": "Italy",
      "country_confidence": {
        "Italy": 1.0
      },
      "country_entropy": -1.000088900581841e-12,
      "region": "Europe",
      "region_confidence": {
        "Europe": 0.9999999999999999
      },
      "region_entropy": -9.99866855976916e-13
    },
    "KX555626/EU2/Germany/2010": {
      "country": "Germany",
      "country_confidence": {
        "Germany": 1.0
      },
      "country_entropy": -1.000088900581841e-12,
      "region": "Europe",
      "region_confidence": {
        "Europe": 0.9999999999999999
      },
      "region_entropy": -9.99866855976916e-13
    },
    "KX555627/EU2/Italy/2010": {
      "country": "Italy",
      "country_confidence": {
        "Italy": 0.9999999999999999
      },
      "country_entropy": -9.99866855976916e-13,
      "region": "Europe",
      "region_confidence": {
