Map from character to field name
A:	Austria
B:	Belgium
C:	France
D:	Germany
E:	Hungary
F:	Israel
G:	Italy
H:	Netherlands
I:	Senegal
J:	Serbia
K:	South Africa
L:	Spain
M:	Uganda
N:	United Kingdom
O:	?


Substitution rate (mu): 74.38757

Equilibrium frequencies (pi_i):
  A: 0.0804
  B: 0.0631
  C: 0.0688
  D: 0.0514
  E: 0.0824
  F: 0.0761
  G: 0.0619
  H: 0.0565
  I: 0.0846
  J: 0.0788
  K: 0.0746
  L: 0.073
  M: 0.0771
  N: 0.0712

Symmetrized rates from j->i (W_ij):
	A	B	C	D	E	F	G	H	I	J	K	L	M	N
  A	0	0.8956	0.8965	0.9049	1.6281	0.9008	1.6919	0.8923	0.9169	1.1421	0.9014	0.902	0.8972	0.8955
  B	0.8956	0	0.9282	1.8492	0.8955	0.9006	0.8984	3.6476	0.9147	0.8953	0.9007	0.9019	0.8966	0.8951
  C	0.8965	0.9282	0	2.8908	0.8963	0.9017	0.9041	1.0848	0.9222	0.896	0.9046	1.1302	0.8974	0.8957
  D	0.9049	1.8492	2.8908	0	0.8928	0.9239	2.2832	7.4641	1.0311	0.8922	0.9072	1.2284	0.8978	0.8925
  E	1.6281	0.8955	0.8963	0.8928	0	0.8989	1.1665	0.8914	0.9069	1.1552	0.901	0.9016	0.8969	0.8956
  F	0.9008	0.9006	0.9017	0.9239	0.8989	0	0.9748	0.9355	1.8159	0.8981	0.9285	0.9296	1.1995	0.8977
  G	1.6919	0.8984	0.9041	2.2832	1.1665	0.9748	0	0.9181	1.3246	0.8991	0.916	0.9175	0.9108	0.8961
  H	0.8923	3.6476	1.0848	7.4641	0.8914	0.9355	0.9181	0	1.0962	0.8912	0.9051	0.9096	0.8982	1.3395
  I	0.9169	0.9147	0.9222	1.0311	0.9069	1.8159	1.3246	1.0962	0	0.9051	1.614	1.2051	1.0819	0.9043
  J	1.1421	0.8953	0.896	0.8922	1.1552	0.8981	0.8991	0.8912	0.9051	0	0.9003	0.9008	0.8964	0.8953
  K	0.9014	0.9007	0.9046	0.9072	0.901	0.9285	0.916	0.9051	1.614	0.9003	0	1.0461	0.9054	0.8996
  L	0.902	0.9019	1.1302	1.2284	0.9016	0.9296	0.9175	0.9096	1.2051	0.9008	1.0461	0	0.906	0.9001
  M	0.8972	0.8966	0.8974	0.8978	0.8969	1.1995	0.9108	0.8982	1.0819	0.8964	0.9054	0.906	0	0.896
  N	0.8955	0.8951	0.8957	0.8925	0.8956	0.8977	0.8961	1.3395	0.9043	0.8953	0.8996	0.9001	0.896	0

Actual rates from j->i (Q_ij):
	A	B	C	D	E	F	G	H	I	J	K	L	M	N
  A	0	0.072	0.0721	0.0728	0.1309	0.0724	0.1361	0.0718	0.0737	0.0919	0.0725	0.0725	0.0722	0.072
  B	0.0565	0	0.0586	0.1166	0.0565	0.0568	0.0567	0.2301	0.0577	0.0565	0.0568	0.0569	0.0566	0.0565
  C	0.0617	0.0639	0	0.1989	0.0617	0.062	0.0622	0.0746	0.0634	0.0616	0.0622	0.0778	0.0617	0.0616
  D	0.0465	0.0951	0.1487	0	0.0459	0.0475	0.1174	0.3839	0.053	0.0459	0.0467	0.0632	0.0462	0.0459
  E	0.1342	0.0738	0.0739	0.0736	0	0.0741	0.0961	0.0735	0.0747	0.0952	0.0743	0.0743	0.0739	0.0738
  F	0.0686	0.0685	0.0686	0.0703	0.0684	0	0.0742	0.0712	0.1382	0.0684	0.0707	0.0708	0.0913	0.0683
  G	0.1047	0.0556	0.0559	0.1413	0.0722	0.0603	0	0.0568	0.082	0.0556	0.0567	0.0568	0.0564	0.0554
  H	0.0504	0.206	0.0613	0.4216	0.0503	0.0528	0.0519	0	0.0619	0.0503	0.0511	0.0514	0.0507	0.0757
  I	0.0776	0.0774	0.078	0.0872	0.0767	0.1536	0.1121	0.0928	0	0.0766	0.1366	0.102	0.0915	0.0765
  J	0.09	0.0706	0.0706	0.0703	0.0911	0.0708	0.0709	0.0703	0.0714	0	0.071	0.071	0.0707	0.0706
  K	0.0672	0.0672	0.0675	0.0677	0.0672	0.0693	0.0683	0.0675	0.1204	0.0672	0	0.078	0.0675	0.0671
  L	0.0659	0.0659	0.0826	0.0897	0.0659	0.0679	0.067	0.0664	0.088	0.0658	0.0764	0	0.0662	0.0658
  M	0.0692	0.0691	0.0692	0.0692	0.0692	0.0925	0.0702	0.0693	0.0834	0.0691	0.0698	0.0699	0	0.0691
  N	0.0638	0.0637	0.0638	0.0635	0.0638	0.0639	0.0638	0.0954	0.0644	0.0637	0.064	0.0641	0.0638	0
