{
  "generated_by": {
    "program": "augur",
    "version": "7.0.2"
  },
  "models": {
    "country": {
      "alphabet": [
        "Austria",
        "Belgium",
        "Central african republic",
        "France",
        "Germany",
        "Hungary",
        "Israel",
        "Italy",
        "Netherlands",
        "Senegal",
        "Serbia",
        "South Africa",
        "?"
      ],
      "equilibrium_probabilities": [
        0.0969662782858674,
        0.07496158471905247,
        0.08818258189366743,
        0.07917975105109619,
        0.07229275200151827,
        0.09923919555886045,
        0.09302683834012349,
        0.06867186356443454,
        0.058114442100047126,
        0.08831590924325772,
        0.09288767526424574,
        0.08816112797782918
      ],
      "rate": 56.0313903467324,
      "transition_matrix": [
        [
          0.0,
          0.881756547013528,
          0.8845781377597234,
          0.8817295376304723,
          0.8862567260687539,
          1.5985894064130746,
          0.8832328798615234,
          1.7143089472391824,
          0.8754632937002417,
          0.8955352370062837,
          1.0124002714022384,
          0.8872535246975676
        ],
        [
          0.881756547013528,
          0.0,
          0.89225375763203,
          0.8817182170510326,
          1.8318485512528802,
          0.882049846418066,
          0.8849357229211056,
          0.8829121290341088,
          3.612721430630602,
          0.9097508039157094,
          0.8819417060568898,
          0.8901070216499877
        ],
        [
          0.8845781377597234,
          0.89225375763203,
          0.0,
          0.8841292732721407,
          0.9315553514072523,
          0.8845390440489914,
          0.9321364240151345,
          0.9106989862835332,
          0.9617056240009044,
          1.2602207345454544,
          0.884169528567159,
          0.9071850010338987
        ],
        [
          0.8817295376304723,
          0.8817182170510326,
          0.8841292732721407,
          0.0,
          2.2090669539816172,
          0.8820678944486322,
          0.8825560648193724,
          0.8815391951798138,
          0.8770100045741738,
          0.891866216377123,
          0.8819589065083094,
          0.8891880650629793
        ],
        [
          0.8862567260687539,
          1.8318485512528802,
          0.9315553514072523,
          2.2090669539816172,
          0.0,
          0.8825400710507918,
          0.9080057931130576,
          2.238052882271639,
          6.613161279830469,
          1.2155054916109567,
          0.8806029100502237,
          1.029358349203928
        ],
        [
          1.5985894064130746,
          0.882049846418066,
          0.8845390440489914,
          0.8820678944486322,
          0.8825400710507918,
          0.0,
          0.8830421794904165,
          1.088682817633577,
          0.8753146614288128,
          0.8914942623108778,
          1.1573663443385502,
          0.8874912574783547
        ],
        [
          0.8832328798615234,
          0.8849357229211056,
          0.9321364240151345,
          0.8825560648193724,
          0.9080057931130576,
          0.8830421794904165,
          0.0,
          0.9207440361750201,
          0.8990250411596934,
          1.810418428352931,
          0.8827337567572116,
          0.9044940500403292
        ],
        [
          1.7143089472391824,
          0.8829121290341088,
          0.9106989862835332,
          0.8815391951798138,
          2.238052882271639,
          1.088682817633577,
          0.9207440361750201,
          0.0,
          0.8893850545293661,
          1.3026914331331405,
          0.9745238821977893,
          0.8970569062235672
        ],
        [
          0.8754632937002417,
          3.612721430630602,
          0.9617056240009044,
          0.8770100045741738,
          6.613161279830469,
          0.8753146614288128,
          0.8990250411596934,
          0.8893850545293661,
          0.0,
          1.1068038569056908,
          0.8755894654836006,
          0.8962873480960979
        ],
        [
          0.8955352370062837,
          0.9097508039157094,
          1.2602207345454544,
          0.891866216377123,
          1.2155054916109567,
          0.8914942623108778,
          1.810418428352931,
          1.3026914331331405,
          1.1068038569056908,
          0.0,
          0.8896269034877391,
          1.1830203649399367
        ],
        [
          1.0124002714022384,
          0.8819417060568898,
          0.884169528567159,
          0.8819589065083094,
          0.8806029100502237,
          1.1573663443385502,
          0.8827337567572116,
          0.9745238821977893,
          0.8755894654836006,
          0.8896269034877391,
          0.0,
          0.8869773072729757
        ],
        [
          0.8872535246975676,
          0.8901070216499877,
          0.9071850010338987,
          0.8891880650629793,
          1.029358349203928,
          0.8874912574783547,
          0.9044940500403292,
          0.8970569062235672,
          0.8962873480960979,
          1.1830203649399367,
          0.8869773072729757,
          0.0
        ]
      ]
    },
    "region": {
      "alphabet": [
        "Africa",
        "Europe",
        "Middle-East",
        "?"
      ],
      "equilibrium_probabilities": [
        0.13953674692032922,
        0.6146471334329684,
        0.24581611964670239
      ],
      "rate": 9.730065904398781,
      "transition_matrix": [
        [
          0.0,
          2.8717456454969663,
          2.4088408480837
        ],
        [
          2.8717456454969663,
          0.0,
          1.132291375950066
        ],
        [
          2.4088408480837,
          1.132291375950066,
          0.0
        ]
      ]
    }
  },
  "nodes": {
    "AY453411.1": {
      "country": "Austria",
      "country_confidence": {
        "Austria": 1.0
      },
      "country_entropy": -1.000088900581841e-12,
      "region": "Europe",
      "region_confidence": {
        "Europe": 1.0
      },
      "region_entropy": -1.000088900581841e-12
    },
    "AY453412.1": {
      "country": "South Africa",
      "country_confidence": {
        "South Africa": 0.9999999999999999
      },
      "country_entropy": -9.99866855976916e-13,
      "region": "Africa",
      "region_confidence": {
        "Africa": 1.0
      },
      "region_entropy": -1.000088900581841e-12
    },
    "EF206350.1": {
      "country": "Hungary",
      "country_confidence": {
        "Hungary": 1.0
      },
      "country_entropy": -1.000088900581841e-12,
      "region": "Europe",
      "region_confidence": {
        "Europe": 1.0
      },
      "region_entropy": -1.000088900581841e-12
    },
    "HE599647.1": {
      "country": "Germany",
      "country_confidence": {
        "Germany": 0.9999999999999999
      },
      "country_entropy": -9.99866855976916e-13,
      "region": "Europe",
      "region_confidence": {
        "Europe": 1.0
      },
      "region_entropy": -1.000088900581841e-12
    },
    "HM569263.1": {
      "country": "Italy",
      "country_confidence": {
        "Italy": 1.0
      },
      "country_entropy": -1.000088900581841e-12,
      "region": "Europe",
      "region_confidence": {
        "Europe": 1.0
      },
      "region_entropy": -1.000088900581841e-12
    },
    "JF266698.1": {
      "country": "Italy",
      "country_confidence": {
        "Italy": 1.0
      },
      "country_entropy": -1.000088900581841e-12,
      "region": "Europe",
      "region_confidence": {
        "Europe": 1.0
      },
      "region_entropy": -1.000088900581841e-12
    },
    "JQ219843.1": {
      "country": "Austria",
      "country_confidence": {
        "Austria": 1.0
      },
      "country_entropy": -1.000088900581841e-12,
      "region": "Europe",
      "region_confidence": {
        "Europe": 0.9999999999999999
      },
      "region_entropy": -9.99866855976916e-13
    },
    "KC754954.1": {
      "country": "Senegal",
      "country_confidence": {
        "Senegal": 1.0
      },
      "country_entropy": -1.000088900581841e-12,
      "region": "Africa",
      "region_confidence": {
        "Africa": 1.0
      },
      "region_entropy": -1.000088900581841e-12
    },
    "KC754955.1": {
      "country": "Central african republic",
      "country_confidence": {
        "Central african republic": 1.0
      },
      "country_entropy": -1.000088900581841e-12,
      "region": "Africa",
      "region_confidence": {
        "Africa": 0.9999999999999999
      },
      "region_entropy": -9.99866855976916e-13
    },
    "KC754956.1": {
      "country": "Senegal",
      "country_confidence": {
        "Senegal": 1.0
      },
      "country_entropy": -1.000088900581841e-12,
      "region": "Africa",
      "region_confidence": {
        "Africa": 1.0
      },
      "region_entropy": -1.000088900581841e-12
    },
    "KC754957.1": {
      "country": "Senegal",
      "country_confidence": {
        "Senegal": 1.0
      },
      "country_entropy": -1.000088900581841e-12,
      "region": "Africa",
      "region_confidence": {
        "Africa": 1.0
      },
      "region_entropy": -1.000088900581841e-12
    },
    "KJ438705.1": {
      "country": "Germany",
      "country_confidence": {
        "Germany": 1.0
      },
      "country_entropy": -1.000088900581841e-12,
      "region": "Europe",
      "region_confidence": {
        "Europe": 1.0
      },
      "region_entropy": -1.000088900581841e-12
    },
    "KJ438706.1": {
      "country": "Germany",
      "country_confidence": {
        "Germany": 0.9999999999999999
      },
      "country_entropy": -9.99866855976916e-13,
      "region": "Europe",
      "region_confidence": {
        "Europe": 1.0
      },
      "region_entropy": -1.000088900581841e-12
    },
    "KJ438707.1": {
      "country": "Germany",
      "country_confidence": {
        "Germany": 1.0
      },
      "country_entropy": -1.000088900581841e-12,
      "region": "Europe",
      "region_confidence": {
        "Europe": 1.0
      },
      "region_entropy": -1.000088900581841e-12
    },
    "KJ438708.1": {
      "country": "Germany",
      "country_confidence": {
        "Germany": 1.0
      },
      "country_entropy": -1.000088900581841e-12,
      "region": "Europe",
      "region_confidence": {
        "Europe": 1.0
      },
      "region_entropy": -1.000088900581841e-12
    },
    "KJ438709.1": {
      "country": "Germany",
      "country_confidence": {
        "Germany": 0.9999999999999999
      },
      "country_entropy": -9.99866855976916e-13,
      "region": "Europe",
      "region_confidence": {
        "Europe": 1.0
      },
      "region_entropy": -1.000088900581841e-12
    },
    "KJ438710.1": {
      "country": "Germany",
      "country_confidence": {
        "Germany": 0.9999999999999999
      },
      "country_entropy": -9.99866855976916e-13,
      "region": "Europe",
      "region_confidence": {
        "Europe": 1.0
      },
      "region_entropy": -1.000088900581841e-12
    },
    "KJ438711.1": {
      "country": "Germany",
      "country_confidence": {
        "Germany": 1.0
      },
      "country_entropy": -1.000088900581841e-12,
      "region": "Europe",
      "region_confidence": {
        "Europe": 1.0
      },
      "region_entropy": -1.000088900581841e-12
    },
    "KJ438712.1": {
      "country": "Germany",
      "country_confidence": {
        "Germany": 1.0
      },
      "country_entropy": -1.000088900581841e-12,
      "region": "Europe",
      "region_confidence": {
        "Europe": 1.0
      },
      "region_entropy": -1.000088900581841e-12
    },
    "KJ438713.1": {
      "country": "Germany",
      "country_confidence": {
        "Germany": 0.9999999999999999
      },
      "country_entropy": -9.99866855976916e-13,
      "region": "Europe",
      "region_confidence": {
        "Europe": 1.0
      },
      "region_entropy": -1.000088900581841e-12
    },
    "KJ438714.1": {
      "country": "Germany",
      "country_confidence": {
        "Germany": 1.0
      },
      "country_entropy": -1.000088900581841e-12,
      "region": "Europe",
      "region_confidence": {
        "Europe": 1.0
      },
      "region_entropy": -1.000088900581841e-12
    },
    "KJ438715.1": {
      "country": "Germany",
      "country_confidence": {
        "Germany": 0.9999999999999999
      },
      "country_entropy": -9.99866855976916e-13,
      "region": "Europe",
      "region_confidence": {
        "Europe": 0.9999999999999999
      },
      "region_entropy": -9.99866855976916e-13
    },
    "KJ438716.1": {
      "country": "Germany",
      "country_confidence": {
        "Germany": 0.9999999999999999
      },
      "country_entropy": -9.99866855976916e-13,
      "region": "Europe",
      "region_confidence": {
        "Europe": 1.0
      },
      "region_entropy": -1.000088900581841e-12
    },
    "KJ438717.1": {
      "country": "Germany",
      "country_confidence": {
        "Germany": 0.9999999999999999
      },
      "country_entropy": -9.99866855976916e-13,
      "region": "Europe",
      "region_confidence": {
        "Europe": 1.0
      },
      "region_entropy": -1.000088900581841e-12
    },
    "KJ438718.1": {
      "country": "Germany",
      "country_confidence": {
        "Germany": 1.0
      },
      "country_entropy": -1.000088900581841e-12,
      "region": "Europe",
      "region_confidence": {
        "Europe": 1.0
      },
      "region_entropy": -1.000088900581841e-12
    },
    "KJ438719.1": {
      "country": "Germany",
      "country_confidence": {
        "Germany": 1.0
      },
      "country_entropy": -1.000088900581841e-12,
      "region": "Europe",
      "region_confidence": {
        "Europe": 1.0
      },
      "region_entropy": -1.000088900581841e-12
    },
    "KJ438720.1": {
      "country": "Germany",
      "country_confidence": {
        "Germany": 0.9999999999999999
      },
      "country_entropy": -9.99866855976916e-13,
      "region": "Europe",
      "region_confidence": {
        "Europe": 1.0
      },
      "region_entropy": -1.000088900581841e-12
    },
    "KJ438721.1": {
      "country": "Germany",
      "country_confidence": {
        "Germany": 0.9999999999999999
      },
      "country_entropy": -9.99866855976916e-13,
      "region": "Europe",
      "region_confidence": {
        "Europe": 1.0
      },
      "region_entropy": -1.000088900581841e-12
    },
    "KJ438722.1": {
      "country": "Germany",
      "country_confidence": {
        "Germany": 0.9999999999999999
      },
      "country_entropy": -9.99866855976916e-13,
      "region": "Europe",
      "region_confidence": {
        "Europe": 1.0
      },
      "region_entropy": -1.000088900581841e-12
    },
    "KJ438723.1": {
      "country": "Germany",
      "country_confidence": {
        "Germany": 1.0
      },
      "country_entropy": -1.000088900581841e-12,
      "region": "Europe",
      "region_confidence": {
        "Europe": 1.0
      },
      "region_entropy": -1.000088900581841e-12
    },
    "KJ438724.1": {
      "country": "Germany",
      "country_confidence": {
        "Germany": 1.0
      },
      "country_entropy": -1.000088900581841e-12,
      "region": "Europe",
      "region_confidence": {
        "Europe": 1.0
      },
      "region_entropy": -1.000088900581841e-12
    },
    "KJ438725.1": {
      "country": "Germany",
      "country_confidence": {
        "Germany": 1.0
      },
      "country_entropy": -1.000088900581841e-12,
      "region": "Europe",
      "region_confidence": {
        "Europe": 1.0
      },
      "region_entropy": -1.000088900581841e-12
    },
    "KJ438726.1": {
      "country": "Germany",
      "country_confidence": {
        "Germany": 1.0
      },
      "country_entropy": -1.000088900581841e-12,
      "region": "Europe",
      "region_confidence": {
        "Europe": 1.0
      },
      "region_entropy": -1.000088900581841e-12
    },
    "KJ438727.1": {
      "country": "Germany",
      "country_confidence": {
        "Germany": 1.0
      },
      "country_entropy": -1.000088900581841e-12,
      "region": "Europe",
      "region_confidence": {
        "Europe": 1.0
      },
      "region_entropy": -1.000088900581841e-12
    },
    "KJ438728.1": {
      "country": "Germany",
      "country_confidence": {
        "Germany": 0.9999999999999999
      },
      "country_entropy": -9.99866855976916e-13,
      "region": "Europe",
      "region_confidence": {
        "Europe": 0.9999999999999999
      },
      "region_entropy": -9.99866855976916e-13
    },
    "KJ438729.1": {
      "country": "Germany",
      "country_confidence": {
        "Germany": 1.0
      },
      "country_entropy": -1.000088900581841e-12,
      "region": "Europe",
      "region_confidence": {
        "Europe": 0.9999999999999999
      },
      "region_entropy": -9.99866855976916e-13
    },
    "KJ438730.1": {
      "country": "Germany",
      "country_confidence": {
        "Germany": 1.0
      },
      "country_entropy": -1.000088900581841e-12,
      "region": "Europe",
      "region_confidence": {
        "Europe": 1.0
      },
      "region_entropy": -1.000088900581841e-12
    },
    "KJ438731.1": {
      "country": "Germany",
      "country_confidence": {
        "Germany": 1.0
      },
      "country_entropy": -1.000088900581841e-12,
      "region": "Europe",
      "region_confidence": {
        "Europe": 1.0
      },
      "region_entropy": -1.000088900581841e-12
    },
    "KJ438732.1": {
      "country": "Germany",
      "country_confidence": {
        "Germany": 1.0
      },
      "country_entropy": -1.000088900581841e-12,
      "region": "Europe",
      "region_confidence": {
        "Europe": 1.0
      },
      "region_entropy": -1.000088900581841e-12
    },
    "KJ438733.1": {
      "country": "Germany",
      "country_confidence": {
        "Germany": 1.0
      },
      "country_entropy": -1.000088900581841e-12,
      "region": "Europe",
      "region_confidence": {
        "Europe": 1.0
      },
      "region_entropy": -1.000088900581841e-12
    },
    "KJ438734.1": {
      "country": "Germany",
      "country_confidence": {
        "Germany": 1.0
      },
      "country_entropy": -1.000088900581841e-12,
      "region": "Europe",
      "region_confidence": {
        "Europe": 1.0
      },
      "region_entropy": -1.000088900581841e-12
    },
    "KJ438735.1": {
      "country": "Germany",
      "country_confidence": {
        "Germany": 1.0
      },
      "country_entropy": -1.000088900581841e-12,
      "region": "Europe",
      "region_confidence": {
        "Europe": 1.0
      },
      "region_entropy": -1.000088900581841e-12
    },
    "KJ438736.1": {
      "country": "Germany",
      "country_confidence": {
        "Germany": 1.0
      },
      "country_entropy": -1.000088900581841e-12,
      "region": "Europe",
      "region_confidence": {
        "Europe": 1.0
      },
      "region_entropy": -1.000088900581841e-12
    },
    "KJ438737.1": {
      "country": "Germany",
      "country_confidence": {
        "Germany": 1.0
      },
      "country_entropy": -1.000088900581841e-12,
      "region": "Europe",
      "region_confidence": {
        "Europe": 0.9999999999999999
      },
      "region_entropy": -9.99866855976916e-13
    },
    "KJ438738.1": {
      "country": "Germany",
      "country_confidence": {
        "Germany": 1.0
      },
      "country_entropy": -1.000088900581841e-12,
      "region": "Europe",
      "region_confidence": {
        "Europe": 1.0
      },
      "region_entropy": -1.000088900581841e-12
    },
    "KJ438739.1": {
      "country": "Germany",
      "country_confidence": {
        "Germany": 0.9999999999999999
      },
      "country_entropy": -9.99866855976916e-13,
      "region": "Europe",
      "region_confidence": {
        "Europe": 1.0
      },
      "region_entropy": -1.000088900581841e-12
    },
    "KJ438740.1": {
      "country": "Germany",
      "country_confidence": {
        "Germany": 1.0
      },
      "country_entropy": -1.000088900581841e-12,
      "region": "Europe",
      "region_confidence": {
        "Europe": 1.0
      },
      "region_entropy": -1.000088900581841e-12
    },
    "KJ438741.1": {
      "country": "Germany",
      "country_confidence": {
        "Germany": 0.9999999999999999
      },
      "country_entropy": -9.99866855976916e-13,
      "region": "Europe",
      "region_confidence": {
        "Europe": 1.0
      },
      "region_entropy": -1.000088900581841e-12
    },
    "KJ438742.1": {
      "country": "Germany",
      "country_confidence": {
        "Germany": 0.9999999999999999
      },
      "country_entropy": -9.99866855976916e-13,
      "region": "Europe",
      "region_confidence": {
        "Europe": 0.9999999999999999
      },
      "region_entropy": -9.99866855976916e-13
    },
    "KJ438743.1": {
      "country": "Germany",
      "country_confidence": {
        "Germany": 1.0
      },
      "country_entropy": -1.000088900581841e-12,
      "region": "Europe",
      "region_confidence": {
        "Europe": 1.0
      },
      "region_entropy": -1.000088900581841e-12
    },
    "KJ438744.1": {
      "country": "Germany",
      "country_confidence": {
        "Germany": 1.0
      },
      "country_entropy": -1.000088900581841e-12,
      "region": "Europe",
      "region_confidence": {
        "Europe": 1.0
      },
      "region_entropy": -1.000088900581841e-12
    },
    "KJ438745.1": {
      "country": "Germany",
      "country_confidence": {
        "Germany": 1.0
      },
      "country_entropy": -1.000088900581841e-12,
      "region": "Europe",
      "region_confidence": {
        "Europe": 1.0
      },
      "region_entropy": -1.000088900581841e-12
    },
    "KJ438746.1": {
      "country": "Germany",
      "country_confidence": {
        "Germany": 0.9999999999999999
      },
      "country_entropy": -9.99866855976916e-13,
      "region": "Europe",
      "region_confidence": {
        "Europe": 1.0
      },
      "region_entropy": -1.000088900581841e-12
    },
    "KJ438747.1": {
      "country": "Germany",
      "country_confidence": {
        "Germany": 1.0
      },
      "country_entropy": -1.000088900581841e-12,
      "region": "Europe",
      "region_confidence": {
        "Europe": 1.0
      },
      "region_entropy": -1.000088900581841e-12
    },
    "KJ438748.1": {
      "country": "Germany",
      "country_confidence": {
        "Germany": 1.0
      },
      "country_entropy": -1.000088900581841e-12,
      "region": "Europe",
      "region_confidence": {
        "Europe": 1.0
      },
      "region_entropy": -1.000088900581841e-12
    },
    "KJ438749.1": {
      "country": "Germany",
      "country_confidence": {
        "Germany": 1.0
      },
      "country_entropy": -1.000088900581841e-12,
      "region": "Europe",
      "region_confidence": {
        "Europe": 1.0
      },
      "region_entropy": -1.000088900581841e-12
    },
    "KJ438750.1": {
      "country": "Germany",
      "country_confidence": {
        "Germany": 1.0
      },
      "country_entropy": -1.000088900581841e-12,
      "region": "Europe",
      "region_confidence": {
        "Europe": 1.0
      },
      "region_entropy": -1.000088900581841e-12
    },
    "KJ438751.1": {
      "country": "Germany",
      "country_confidence": {
        "Germany": 1.0
      },
      "country_entropy": -1.000088900581841e-12,
      "region": "Europe",
      "region_confidence": {
        "Europe": 1.0
      },
      "region_entropy": -1.000088900581841e-12
    },
    "KJ438752.1": {
      "country": "Germany",
      "country_confidence": {
        "Germany": 1.0
      },
      "country_entropy": -1.000088900581841e-12,
      "region": "Europe",
      "region_confidence": {
        "Europe": 1.0
      },
      "region_entropy": -1.000088900581841e-12
    },
    "KJ438753.1": {
      "country": "Germany",
      "country_confidence": {
        "Germany": 1.0
      },
      "country_entropy": -1.000088900581841e-12,
      "region": "Europe",
      "region_confidence": {
        "Europe": 1.0
      },
      "region_entropy": -1.000088900581841e-12
    },
    "KJ438754.1": {
      "country": "Germany",
      "country_confidence": {
        "Germany": 1.0
      },
      "country_entropy": -1.000088900581841e-12,
      "region": "Europe",
      "region_confidence": {
        "Europe": 1.0
      },
      "region_entropy": -1.000088900581841e-12
    },
    "KJ438755.1": {
      "country": "Germany",
      "country_confidence": {
        "Germany": 1.0
      },
      "country_entropy": -1.000088900581841e-12,
      "region": "Europe",
      "region_confidence": {
        "Europe": 1.0
      },
      "region_entropy": -1.000088900581841e-12
    },
    "KJ438756.1": {
      "country": "Germany",
      "country_confidence": {
        "Germany": 1.0
      },
      "country_entropy": -1.000088900581841e-12,
      "region": "Europe",
      "region_confidence": {
        "Europe": 1.0
      },
      "region_entropy": -1.000088900581841e-12
    },
    "KJ438757.1": {
      "country": "Germany",
      "country_confidence": {
        "Germany": 1.0
      },
      "country_entropy": -1.000088900581841e-12,
      "region": "Europe",
      "region_confidence": {
        "Europe": 0.9999999999999999
      },
      "region_entropy": -9.99866855976916e-13
    },
    "KJ438758.1": {
      "country": "Germany",
      "country_confidence": {
        "Germany": 0.9999999999999999
      },
      "country_entropy": -9.99866855976916e-13,
      "region": "Europe",
      "region_confidence": {
        "Europe": 1.0
      },
      "region_entropy": -1.000088900581841e-12
    },
    "KJ438759.1": {
      "country": "Germany",
      "country_confidence": {
        "Germany": 1.0
      },
      "country_entropy": -1.000088900581841e-12,
      "region": "Europe",
      "region_confidence": {
        "Europe": 1.0
      },
      "region_entropy": -1.000088900581841e-12
    },
    "KJ438761.1": {
      "country": "Germany",
      "country_confidence": {
        "Germany": 1.0
      },
      "country_entropy": -1.000088900581841e-12,
      "region": "Europe",
      "region_confidence": {
        "Europe": 1.0
      },
      "region_entropy": -1.000088900581841e-12
    },
    "KJ438762.1": {
      "country": "Germany",
      "country_confidence": {
        "Germany": 1.0
      },
      "country_entropy": -1.000088900581841e-12,
      "region": "Europe",
      "region_confidence": {
        "Europe": 1.0
      },
      "region_entropy": -1.000088900581841e-12
    },
    "KJ438763.1": {
      "country": "Germany",
      "country_confidence": {
        "Germany": 1.0
      },
      "country_entropy": -1.000088900581841e-12,
      "region": "Europe",
      "region_confidence": {
        "Europe": 1.0
      },
      "region_entropy": -1.000088900581841e-12
    },
    "KJ438764.1": {
      "country": "Germany",
      "country_confidence": {
        "Germany": 1.0
      },
      "country_entropy": -1.000088900581841e-12,
      "region": "Europe",
      "region_confidence": {
        "Europe": 1.0
      },
      "region_entropy": -1.000088900581841e-12
    },
    "KJ438765.1": {
      "country": "Germany",
      "country_confidence": {
        "Germany": 1.0
      },
      "country_entropy": -1.000088900581841e-12,
      "region": "Europe",
      "region_confidence": {
        "Europe": 1.0
      },
      "region_entropy": -1.000088900581841e-12
    },
    "KJ438766.1": {
      "country": "Germany",
      "country_confidence": {
        "Germany": 1.0
      },
      "country_entropy": -1.000088900581841e-12,
      "region": "Europe",
      "region_confidence": {
        "Europe": 1.0
      },
      "region_entropy": -1.000088900581841e-12
    },
    "KJ438767.1": {
      "country": "Germany",
      "country_confidence": {
        "Germany": 1.0
      },
      "country_entropy": -1.000088900581841e-12,
      "region": "Europe",
      "region_confidence": {
        "Europe": 1.0
      },
      "region_entropy": -1.000088900581841e-12
    },
    "KJ438768.1": {
      "country": "Germany",
      "country_confidence": {
        "Germany": 1.0
      },
      "country_entropy": -1.000088900581841e-12,
      "region": "Europe",
      "region_confidence": {
        "Europe": 1.0
      },
      "region_entropy": -1.000088900581841e-12
    },
    "KJ438769.1": {
      "country": "Germany",
      "country_confidence": {
        "Germany": 1.0
      },
      "country_entropy": -1.000088900581841e-12,
      "region": "Europe",
      "region_confidence": {
        "Europe": 0.9999999999999999
      },
      "region_entropy": -9.99866855976916e-13
    },
    "KJ438770.1": {
      "country": "Germany",
      "country_confidence": {
        "Germany": 1.0
      },
      "country_entropy": -1.000088900581841e-12,
      "region": "Europe",
      "region_confidence": {
        "Europe": 0.9999999999999999
      },
      "region_entropy": -9.99866855976916e-13
    },
    "KJ438771.1": {
      "country": "Germany",
      "country_confidence": {
        "Germany": 1.0
      },
      "country_entropy": -1.000088900581841e-12,
      "region": "Europe",
      "region_confidence": {
        "Europe": 1.0
      },
      "region_entropy": -1.000088900581841e-12
    },
    "KJ438772.1": {
      "country": "Germany",
      "country_confidence": {
        "Germany": 0.9999999999999999
      },
      "country_entropy": -9.99866855976916e-13,
      "region": "Europe",
      "region_confidence": {
        "Europe": 0.9999999999999999
      },
      "region_entropy": -9.99866855976916e-13
    },
    "KJ438773.1": {
      "country": "Germany",
      "country_confidence": {
        "Germany": 1.0
      },
      "country_entropy": -1.000088900581841e-12,
      "region": "Europe",
      "region_confidence": {
        "Europe": 0.9999999999999999
      },
      "region_entropy": -9.99866855976916e-13
    },
    "KJ438774.1": {
      "country": "Germany",
      "country_confidence": {
        "Germany": 1.0
      },
      "country_entropy": -1.000088900581841e-12,
      "region": "Europe",
      "region_confidence": {
        "Europe": 1.0
      },
      "region_entropy": -1.000088900581841e-12
    },
    "KJ438775.1": {
      "country": "Germany",
      "country_confidence": {
        "Germany": 1.0
      },
      "country_entropy": -1.000088900581841e-12,
      "region": "Europe",
      "region_confidence": {
        "Europe": 1.0
      },
      "region_entropy": -1.000088900581841e-12
    },
    "KJ438776.1": {
      "country": "Germany",
      "country_confidence": {
        "Germany": 1.0
      },
      "country_entropy": -1.000088900581841e-12,
      "region": "Europe",
      "region_confidence": {
        "Europe": 1.0
      },
      "region_entropy": -1.000088900581841e-12
    },
    "KJ438777.1": {
      "country": "Germany",
      "country_confidence": {
        "Germany": 1.0
      },
      "country_entropy": -1.000088900581841e-12,
      "region": "Europe",
      "region_confidence": {
        "Europe": 1.0
      },
      "region_entropy": -1.000088900581841e-12
    },
    "KJ438778.1": {
      "country": "Germany",
      "country_confidence": {
        "Germany": 1.0
      },
      "country_entropy": -1.000088900581841e-12,
      "region": "Europe",
      "region_confidence": {
        "Europe": 1.0
      },
      "region_entropy": -1.000088900581841e-12
    },
    "KJ438779.1": {
      "country": "Germany",
      "country_confidence": {
        "Germany": 1.0
      },
      "country_entropy": -1.000088900581841e-12,
      "region": "Europe",
      "region_confidence": {
        "Europe": 1.0
      },
      "region_entropy": -1.000088900581841e-12
    },
    "KJ438780.1": {
      "country": "Germany",
      "country_confidence": {
        "Germany": 0.9999999999999999
      },
      "country_entropy": -9.99866855976916e-13,
      "region": "Europe",
      "region_confidence": {
        "Europe": 1.0
      },
      "region_entropy": -1.000088900581841e-12
    },
    "KJ438781.1": {
      "country": "Germany",
      "country_confidence": {
        "Germany": 0.9999999999999999
      },
      "country_entropy": -9.99866855976916e-13,
      "region": "Europe",
      "region_confidence": {
        "Europe": 1.0
      },
      "region_entropy": -1.000088900581841e-12
    },
    "KJ859682.1": {
      "country": "Germany",
      "country_confidence": {
        "Germany": 1.0
      },
      "country_entropy": -1.000088900581841e-12,
      "region": "Europe",
      "region_confidence": {
        "Europe": 1.0
      },
      "region_entropy": -1.000088900581841e-12
    },
    "KJ859683.1": {
      "country": "Germany",
      "country_confidence": {
        "Germany": 1.0
      },
      "country_entropy": -1.000088900581841e-12,
      "region": "Europe",
      "region_confidence": {
        "Europe": 1.0
      },
      "region_entropy": -1.000088900581841e-12
    },
    "KM659877.1": {
      "country": "Germany",
      "country_confidence": {
        "Germany": 1.0
      },
      "country_entropy": -1.000088900581841e-12,
      "region": "Europe",
      "region_confidence": {
        "Europe": 1.0
      },
      "region_entropy": -1.000088900581841e-12
    },
    "KU573070.1": {
      "country": "Italy",
      "country_confidence": {
        "Italy": 1.0
      },
      "country_entropy": -1.000088900581841e-12,
      "region": "Europe",
      "region_confidence": {
        "Europe": 1.0
      },
      "region_entropy": -1.000088900581841e-12
    },
    "KU573072.1": {
      "country": "Italy",
      "country_confidence": {
        "Italy": 1.0
      },
      "country_entropy": -1.000088900581841e-12,
      "region": "Europe",
      "region_confidence": {
        "Europe": 1.0
      },
      "region_entropy": -1.000088900581841e-12
    },
    "KU573073.1": {
      "country": "Italy",
      "country_confidence": {
        "Italy": 0.9999999999999999
      },
      "country_entropy": -9.99866855976916e-13,
      "region": "Europe",
      "region_confidence": {
        "Europe": 1.0
      },
      "region_entropy": -1.000088900581841e-12
    },
    "KU573074.1": {
      "country": "Italy",
      "country_confidence": {
        "Italy": 1.0
      },
      "country_entropy": -1.000088900581841e-12,
      "region": "Europe",
      "region_confidence": {
        "Europe": 0.9999999999999999
      },
      "region_entropy": -9.99866855976916e-13
    },
    "KU573075.1": {
      "country": "Italy",
      "country_confidence": {
        "Italy": 1.0
      },
      "country_entropy": -1.000088900581841e-12,
      "region": "Europe",
      "region_confidence": {
        "Europe": 0.9999999999999999
      },
      "region_entropy": -9.99866855976916e-13
    },
    "KU573076.1": {
      "country": "Italy",
      "country_confidence": {
        "Italy": 1.0
      },
      "country_entropy": -1.000088900581841e-12,
      "region": "Europe",
      "region_confidence": {
        "Europe": 0.9999999999999999
      },
      "region_entropy": -9.99866855976916e-13
    },
    "KU664608.1": {
      "country": "Germany",
      "country_confidence": {
        "Germany": 1.0
      },
      "country_entropy": -1.000088900581841e-12,
      "region": "Europe",
      "region_confidence": {
        "Europe": 1.0
      },
      "region_entropy": -1.000088900581841e-12
    },
    "KX555624.1": {
      "country": "Germany",
      "country_confidence": {
        "Germany": 1.0
      },
      "country_entropy": -1.000088900581841e-12,
      "region": "Europe",
      "region_confidence": {
        "Europe": 1.0
      },
      "region_entropy": -1.000088900581841e-12
    },
    "KX555625.1": {
      "country": "Italy",
      "country_confidence": {
        "Italy": 1.0
      },
      "country_entropy": -1.000088900581841e-12,
      "region": "Europe",
      "region_confidence": {
        "Europe": 0.9999999999999999
      },
      "region_entropy": -9.99866855976916e-13
    },
    "KX555626.1": {
      "country": "Germany",
      "country_confidence": {
        "Germany": 1.0
      },
      "country_entropy": -1.000088900581841e-12,
      "region": "Europe",
      "region_confidence": {
        "Europe": 0.9999999999999999
      },
      "region_entropy": -9.99866855976916e-13
    },
    "KX555627.1": {
      "country": "Italy",
      "country_confidence": {
        "Italy": 1.0
      },
      "country_entropy": -1.000088900581841e-12,
      "region": "Europe",
      "region_confidence": {
        "Europe": 0.9999999999999999
      },
      "region_entropy": -9.99866855976916e-13
    },
    "KX555628.1": {
      "country": "Italy",
      "country_confidence": {
        "Italy": 1.0
      },
      "country_entropy": -1.000088900581841e-12,
      "region": "Europe",
      "region_confidence": {
        "Europe": 0.9999999999999999
      },
      "region_entropy": -9.99866855976916e-13
    },
    "KX555629.1": {
      "country": "Italy",
      "country_confidence": {
        "Italy": 0.9999999999999999
      },
      "country_entropy": -9.99866855976916e-13,
      "region": "Europe",
      "region_confidence": {
        "Europe": 0.9999999999999999
      },
      "region_entropy": -9.99866855976916e-13
    },
    "KX601690.1": {
      "country": "France",
      "country_confidence": {
        "France": 1.0
      },
      "country_entropy": -1.000088900581841e-12,
      "region": "Europe",
      "region_confidence": {
        "Europe": 1.0
      },
      "region_entropy": -1.000088900581841e-12
    },
    "KX601691.1": {
      "country": "France",
      "country_confidence": {
        "France": 1.0
      },
      "country_entropy": -1.000088900581841e-12,
      "region": "Europe",
      "region_confidence": {
        "Europe": 1.0
      },
      "region_entropy": -1.000088900581841e-12
    },
    "KX816646.1": {
      "country": "Italy",
      "country_confidence": {
        "Italy": 1.0
      },
      "country_entropy": -1.000088900581841e-12,
      "region": "Europe",
      "region_confidence": {
        "Europe": 1.0
      },
      "region_entropy": -1.000088900581841e-12
    },
    "KX816647.1": {
      "country": "Italy",
      "country_confidence": {
        "Italy": 1.0
      },
      "country_entropy": -1.000088900581841e-12,
      "region": "Europe",
      "region_confidence": {
        "Europe": 1.0
      },
      "region_entropy": -1.000088900581841e-12
    },
    "KX816648.1": {
      "country": "Italy",
      "country_confidence": {
        "Italy": 1.0
      },
      "country_entropy": -1.000088900581841e-12,
      "region": "Europe",
      "region_confidence": {
        "Europe": 1.0
      },
      "region_entropy": -1.000088900581841e-12
    },
    "KX816649.1": {
      "country": "Italy",
      "country_confidence": {
        "Italy": 1.0
      },
      "country_entropy": -1.000088900581841e-12,
      "region": "Europe",
      "region_confidence": {
        "Europe": 1.0
      },
      "region_entropy": -1.000088900581841e-12
    },
    "KX816650.1": {
      "country": "Italy",
      "country_confidence": {
        "Italy": 1.0
      },
      "country_entropy": -1.000088900581841e-12,
      "region": "Europe",
      "region_confidence": {
        "Europe": 1.0
      },
      "region_entropy": -1.000088900581841e-12
    },
    "KX816651.1": {
      "country": "Italy",
      "country_confidence": {
        "Italy": 1.0
      },
      "country_entropy": -1.000088900581841e-12,
      "region": "Europe",
      "region_confidence": {
        "Europe": 0.9999999999999999
      },
      "region_entropy": -9.99866855976916e-13
    },
    "KX816652.1": {
      "country": "Italy",
      "country_confidence": {
        "Italy": 1.0
      },
      "country_entropy": -1.000088900581841e-12,
      "region": "Europe",
      "region_confidence": {
        "Europe": 1.0
      },
      "region_entropy": -1.000088900581841e-12
    },
    "KX816653.1": {
      "country": "Italy",
      "country_confidence": {
