{
  "generated_by": {
    "program": "augur",
    "version": "11.2.0"
  },
  "models": {
    "country": {
      "alphabet": [
        "Austria",
        "Belgium",
        "France",
        "Germany",
        "Hungary",
        "Israel",
        "Italy",
        "Netherlands",
        "Senegal",
        "Serbia",
        "South Africa",
        "Spain",
        "Uganda",
        "United Kingdom",
        "?"
      ],
      "equilibrium_probabilities": [
        0.08200224717981851,
        0.06139379086691353,
        0.06628841239990901,
        0.05284514686879681,
        0.08414092848457086,
        0.07738190161828924,
        0.05993678659055117,
        0.05521266490205499,
        0.08298837778691454,
        0.07931171246842518,
        0.07590303822730765,
        0.07289316950548028,
        0.07812990605689579,
        0.07157191704407255
      ],
      "rate": 56.82719794594608,
      "transition_matrix": [
        [
          0.0,
          0.9034055001425945,
          0.9039761953420719,
          0.9030280763631725,
          1.6430989807526988,
          0.9055404239242986,
          1.746997671532493,
          0.8971923556841662,
          0.9132323223502783,
          1.0630523746055722,
          0.9066911351628436,
          0.9069800830304063,
          0.9042931691420899,
          0.9034488028272059
        ],
        [
          0.9034055001425945,
          0.0,
          0.9413363204297943,
          1.8251327764154501,
          0.9036170228186186,
          0.9065042720092716,
          0.9048373940883704,
          3.7102057819370757,
          0.9191970063100763,
          0.9035558707869351,
          0.9064745367343298,
          0.9072083704806138,
          0.904111475086866,
          0.9032502301358385
        ],
        [
          0.9039761953420719,
          0.9413363204297943,
          0.0,
          2.858457324662138,
          0.9042165451044726,
          0.9070771770620727,
          0.9055646853173202,
          1.1311056377909756,
          0.9253209125613739,
          0.9041150236040338,
          0.9088329533297129,
          1.1302217861386075,
          0.9046154659501652,
          0.9036843431570067
        ],
        [
          0.9030280763631725,
          1.8251327764154501,
          2.858457324662138,
          0.0,
          0.8995171311488612,
          0.9130746116003852,
          2.2804786045103937,
          6.7927608827753625,
          0.9944642465634472,
          0.8985110001639839,
          0.9060779590431688,
          1.2291142870819012,
          0.9000006796985452,
          0.8976831864382211
        ],
        [
          1.6430989807526988,
          0.9036170228186186,
          0.9042165451044726,
          0.8995171311488612,
          0.0,
          0.9051339687648101,
          1.081939702354825,
          0.8968687967943889,
          0.9099437995508792,
          1.1889977167682713,
          0.9067959464496212,
          0.9070595966100353,
          0.9044460704593789,
          0.903731723280778
        ],
        [
          0.9055404239242986,
          0.9065042720092716,
          0.9070771770620727,
          0.9130746116003852,
          0.9051339687648101,
          0.0,
          0.958311038818666,
          0.9344781366197917,
          1.8372517250073714,
          0.9048732554276607,
          0.9253984685202553,
          0.926531819540002,
          1.1795864057029704,
          0.9043444370940485
        ],
        [
          1.746997671532493,
          0.9048373940883704,
          0.9055646853173202,
          2.2804786045103937,
          1.081939702354825,
          0.958311038818666,
          0.0,
          0.9187236270041016,
          1.3401395134339573,
          0.9984081996728557,
          0.9156311239999874,
          0.9167959149760059,
          0.9129417729955411,
          0.9032486919666517
        ],
        [
          0.8971923556841662,
          3.7102057819370757,
          1.1311056377909756,
          6.7927608827753625,
          0.8968687967943889,
          0.9344781366197917,
          0.9187236270041016,
          0.0,
          1.1726975267415025,
          0.8971353148056346,
          0.9073896387487774,
          0.9107158294493679,
          0.902374085397374,
          1.347724109266583
        ],
        [
          0.9132323223502783,
          0.9191970063100763,
          0.9253209125613739,
          0.9944642465634472,
          0.9099437995508792,
          1.8372517250073714,
          1.3401395134339573,
          1.1726975267415025,
          0.0,
          0.9088381353290277,
          1.613655057056605,
          1.2575257022413238,
          1.111248544956901,
          0.9077329132606128
        ],
        [
          1.0630523746055722,
          0.9035558707869351,
          0.9041150236040338,
          0.8985110001639839,
          1.1889977167682713,
          0.9048732554276607,
          0.9984081996728557,
          0.8971353148056346,
          0.9088381353290277,
          0.0,
          0.9065117084418628,
          0.9067590851085374,
          0.9043124543037958,
          0.9036662313679791
        ],
        [
          0.9066911351628436,
          0.9064745367343298,
          0.9088329533297129,
          0.9060779590431688,
          0.9067959464496212,
          0.9253984685202553,
          0.9156311239999874,
          0.9073896387487774,
          1.613655057056605,
          0.9065117084418628,
          0.0,
          1.02236905650845,
          0.9095795453056358,
          0.9058391497145161
        ],
        [
          0.9069800830304063,
          0.9072083704806138,
          1.1302217861386075,
          1.2291142870819012,
          0.9070595966100353,
          0.926531819540002,
          0.9167959149760059,
          0.9107158294493679,
          1.2575257022413238,
          0.9067590851085374,
          1.02236905650845,
          0.0,
          0.9098983136105079,
          0.9060910149673542
        ],
        [
          0.9042931691420899,
          0.904111475086866,
          0.9046154659501652,
          0.9000006796985452,
          0.9044460704593789,
          1.1795864057029704,
          0.9129417729955411,
          0.902374085397374,
          1.111248544956901,
          0.9043124543037958,
          0.9095795453056358,
          0.9098983136105079,
          0.0,
          0.903782393458335
        ],
        [
          0.9034488028272059,
          0.9032502301358385,
          0.9036843431570067,
          0.8976831864382211,
          0.903731723280778,
          0.9043444370940485,
          0.9032486919666517,
          1.347724109266583,
          0.9077329132606128,
          0.9036662313679791,
          0.9058391497145161,
          0.9060910149673542,
          0.903782393458335,
          0.0
        ]
      ]
    },
    "region": {
      "alphabet": [
        "Africa",
        "Europe",
        "Middle-East",
        "?"
      ],
      "equilibrium_probabilities": [
        0.1365153258507241,
        0.5975350606366576,
        0.26594961351261837
      ],
      "rate": 8.305124159766471,
      "transition_matrix": [
        [
          0.0,
          2.869004327504515,
          2.3983778516378584
        ],
        [
          2.869004327504515,
          0.0,
          1.125711780587093
        ],
        [
          2.3983778516378584,
          1.125711780587093,
          0.0
        ]
      ]
    }
  },
  "nodes": {
    "AY453411/EU1/Austria/2001": {
      "country": "Austria",
      "country_confidence": {
        "Austria": 1.0
      },
      "country_entropy": -1.000088900581841e-12,
      "region": "Europe",
      "region_confidence": {
        "Europe": 1.0
      },
      "region_entropy": -1.000088900581841e-12
    },
    "EF206350/EU1/Hungary/2006": {
      "country": "Hungary",
      "country_confidence": {
        "Hungary": 1.0
      },
      "country_entropy": -1.000088900581841e-12,
      "region": "Europe",
      "region_confidence": {
        "Europe": 1.0
      },
      "region_entropy": -1.000088900581841e-12
    },
    "HE599647/EU3/Germany/2011": {
      "country": "Germany",
      "country_confidence": {
        "Germany": 1.0
      },
      "country_entropy": -1.000088900581841e-12,
      "region": "Europe",
      "region_confidence": {
        "Europe": 1.0
      },
      "region_entropy": -1.000088900581841e-12
    },
    "HM569263/EU2/Italy/2009": {
      "country": "Italy",
      "country_confidence": {
        "Italy": 1.0
      },
      "country_entropy": -1.000088900581841e-12,
      "region": "Europe",
      "region_confidence": {
        "Europe": 0.9999999999999999
      },
      "region_entropy": -9.99866855976916e-13
    },
    "JF266698/EU2/Italy/2009": {
      "country": "Italy",
      "country_confidence": {
        "Italy": 0.9999999999999999
      },
      "country_entropy": -9.99866855976916e-13,
      "region": "Europe",
      "region_confidence": {
        "Europe": 1.0
      },
      "region_entropy": -1.000088900581841e-12
    },
    "JQ219843/EU1/Austria/2002": {
      "country": "Austria",
      "country_confidence": {
        "Austria": 0.9999999999999999
      },
      "country_entropy": -9.99866855976916e-13,
      "region": "Europe",
      "region_confidence": {
        "Europe": 1.0
      },
      "region_entropy": -1.000088900581841e-12
    },
    "KC754954/AF2/Senegal/1974": {
      "country": "Senegal",
      "country_confidence": {
        "Senegal": 1.0
      },
      "country_entropy": -1.000088900581841e-12,
      "region": "Africa",
      "region_confidence": {
        "Africa": 1.0
      },
      "region_entropy": -1.000088900581841e-12
    },
    "KC754956/AF3/Senegal/1993": {
      "country": "Senegal",
      "country_confidence": {
        "Senegal": 1.0
      },
      "country_entropy": -1.000088900581841e-12,
      "region": "Africa",
      "region_confidence": {
        "Africa": 1.0
      },
      "region_entropy": -1.000088900581841e-12
    },
    "KC754957/AF3/Senegal/2007": {
      "country": "Senegal",
      "country_confidence": {
        "Senegal": 1.0
      },
      "country_entropy": -1.000088900581841e-12,
      "region": "Africa",
      "region_confidence": {
        "Africa": 1.0
      },
      "region_entropy": -1.000088900581841e-12
    },
    "KF573410/AF2/Spain/2006": {
      "country": "Spain",
      "country_confidence": {
        "Spain": 1.0
      },
      "country_entropy": -1.000088900581841e-12,
      "region": "Europe",
      "region_confidence": {
        "Europe": 1.0
      },
      "region_entropy": -1.000088900581841e-12
    },
    "KJ438705/EU3/Germany/2010": {
      "country": "Germany",
      "country_confidence": {
        "Germany": 1.0
      },
      "country_entropy": -1.000088900581841e-12,
      "region": "Europe",
      "region_confidence": {
        "Europe": 1.0
      },
      "region_entropy": -1.000088900581841e-12
    },
    "KJ438706/EU3/Germany/2011": {
      "country": "Germany",
      "country_confidence": {
        "Germany": 1.0
      },
      "country_entropy": -1.000088900581841e-12,
      "region": "Europe",
      "region_confidence": {
        "Europe": 1.0
      },
      "region_entropy": -1.000088900581841e-12
    },
    "KJ438707/EU3/Germany/2011": {
      "country": "Germany",
      "country_confidence": {
        "Germany": 1.0
      },
      "country_entropy": -1.000088900581841e-12,
      "region": "Europe",
      "region_confidence": {
        "Europe": 1.0
      },
      "region_entropy": -1.000088900581841e-12
    },
    "KJ438708/EU3/Germany/2011": {
      "country": "Germany",
      "country_confidence": {
        "Germany": 1.0
      },
      "country_entropy": -1.000088900581841e-12,
      "region": "Europe",
      "region_confidence": {
        "Europe": 0.9999999999999999
      },
      "region_entropy": -9.99866855976916e-13
    },
    "KJ438709/EU3/Germany/2012": {
      "country": "Germany",
      "country_confidence": {
        "Germany": 1.0
      },
      "country_entropy": -1.000088900581841e-12,
      "region": "Europe",
      "region_confidence": {
        "Europe": 1.0
      },
      "region_entropy": -1.000088900581841e-12
    },
    "KJ438710/EU3/Germany/2011": {
      "country": "Germany",
      "country_confidence": {
        "Germany": 1.0
      },
      "country_entropy": -1.000088900581841e-12,
      "region": "Europe",
      "region_confidence": {
        "Europe": 1.0
      },
      "region_entropy": -1.000088900581841e-12
    },
    "KJ438711/EU3/Germany/2011": {
      "country": "Germany",
      "country_confidence": {
        "Germany": 1.0
      },
      "country_entropy": -1.000088900581841e-12,
      "region": "Europe",
      "region_confidence": {
        "Europe": 1.0
      },
      "region_entropy": -1.000088900581841e-12
    },
    "KJ438712/EU3/Germany/2011": {
      "country": "Germany",
      "country_confidence": {
        "Germany": 1.0
      },
      "country_entropy": -1.000088900581841e-12,
      "region": "Europe",
      "region_confidence": {
        "Europe": 0.9999999999999999
      },
      "region_entropy": -9.99866855976916e-13
    },
    "KJ438713/EU3/Germany/2011": {
      "country": "Germany",
      "country_confidence": {
        "Germany": 1.0
      },
      "country_entropy": -1.000088900581841e-12,
      "region": "Europe",
      "region_confidence": {
        "Europe": 1.0
      },
      "region_entropy": -1.000088900581841e-12
    },
    "KJ438714/EU3/Germany/2011": {
      "country": "Germany",
      "country_confidence": {
        "Germany": 1.0
      },
      "country_entropy": -1.000088900581841e-12,
      "region": "Europe",
      "region_confidence": {
        "Europe": 0.9999999999999999
      },
      "region_entropy": -9.99866855976916e-13
    },
    "KJ438715/EU3/Germany/2011": {
      "country": "Germany",
      "country_confidence": {
        "Germany": 1.0
      },
      "country_entropy": -1.000088900581841e-12,
      "region": "Europe",
      "region_confidence": {
        "Europe": 1.0
      },
      "region_entropy": -1.000088900581841e-12
    },
    "KJ438716/EU3/Germany/2012": {
      "country": "Germany",
      "country_confidence": {
        "Germany": 1.0
      },
      "country_entropy": -1.000088900581841e-12,
      "region": "Europe",
      "region_confidence": {
        "Europe": 1.0
      },
      "region_entropy": -1.000088900581841e-12
    },
    "KJ438717/EU3/Germany/2012": {
      "country": "Germany",
      "country_confidence": {
        "Germany": 1.0
      },
      "country_entropy": -1.000088900581841e-12,
      "region": "Europe",
      "region_confidence": {
        "Europe": 1.0
      },
      "region_entropy": -1.000088900581841e-12
    },
    "KJ438718/EU3/Germany/2011": {
      "country": "Germany",
      "country_confidence": {
        "Germany": 1.0
      },
      "country_entropy": -1.000088900581841e-12,
      "region": "Europe",
      "region_confidence": {
        "Europe": 1.0
      },
      "region_entropy": -1.000088900581841e-12
    },
    "KJ438719/EU3/Germany/2011": {
      "country": "Germany",
      "country_confidence": {
        "Germany": 1.0
      },
      "country_entropy": -1.000088900581841e-12,
      "region": "Europe",
      "region_confidence": {
        "Europe": 1.0
      },
      "region_entropy": -1.000088900581841e-12
    },
    "KJ438720/EU3/Germany/2011": {
      "country": "Germany",
      "country_confidence": {
        "Germany": 0.9999999999999999
      },
      "country_entropy": -9.99866855976916e-13,
      "region": "Europe",
      "region_confidence": {
        "Europe": 1.0
      },
      "region_entropy": -1.000088900581841e-12
    },
    "KJ438721/EU3/Germany/2011": {
      "country": "Germany",
      "country_confidence": {
        "Germany": 0.9999999999999999
      },
      "country_entropy": -9.99866855976916e-13,
      "region": "Europe",
      "region_confidence": {
        "Europe": 0.9999999999999999
      },
      "region_entropy": -9.99866855976916e-13
    },
    "KJ438722/EU3/Germany/2012": {
      "country": "Germany",
      "country_confidence": {
        "Germany": 0.9999999999999999
      },
      "country_entropy": -9.99866855976916e-13,
      "region": "Europe",
      "region_confidence": {
        "Europe": 0.9999999999999999
      },
      "region_entropy": -9.99866855976916e-13
    },
    "KJ438723/EU3/Germany/2011": {
      "country": "Germany",
      "country_confidence": {
        "Germany": 0.9999999999999999
      },
      "country_entropy": -9.99866855976916e-13,
      "region": "Europe",
      "region_confidence": {
        "Europe": 0.9999999999999999
      },
      "region_entropy": -9.99866855976916e-13
    },
    "KJ438724/EU3/Germany/2011": {
      "country": "Germany",
      "country_confidence": {
        "Germany": 0.9999999999999999
      },
      "country_entropy": -9.99866855976916e-13,
      "region": "Europe",
      "region_confidence": {
        "Europe": 0.9999999999999999
      },
      "region_entropy": -9.99866855976916e-13
    },
    "KJ438725/EU3/Germany/2011": {
      "country": "Germany",
      "country_confidence": {
        "Germany": 0.9999999999999999
      },
      "country_entropy": -9.99866855976916e-13,
      "region": "Europe",
      "region_confidence": {
        "Europe": 0.9999999999999999
      },
      "region_entropy": -9.99866855976916e-13
    },
    "KJ438726/EU3/Germany/2011": {
      "country": "Germany",
      "country_confidence": {
        "Germany": 0.9999999999999999
      },
      "country_entropy": -9.99866855976916e-13,
      "region": "Europe",
      "region_confidence": {
        "Europe": 0.9999999999999999
      },
      "region_entropy": -9.99866855976916e-13
    },
    "KJ438727/EU3/Germany/2011": {
      "country": "Germany",
      "country_confidence": {
        "Germany": 1.0
      },
      "country_entropy": -1.000088900581841e-12,
      "region": "Europe",
      "region_confidence": {
        "Europe": 0.9999999999999999
      },
      "region_entropy": -9.99866855976916e-13
    },
    "KJ438728/EU3/Germany/2011": {
      "country": "Germany",
      "country_confidence": {
        "Germany": 1.0
      },
      "country_entropy": -1.000088900581841e-12,
      "region": "Europe",
      "region_confidence": {
        "Europe": 0.9999999999999999
      },
      "region_entropy": -9.99866855976916e-13
    },
    "KJ438729/EU3/Germany/2012": {
      "country": "Germany",
      "country_confidence": {
        "Germany": 0.9999999999999999
      },
      "country_entropy": -9.99866855976916e-13,
      "region": "Europe",
      "region_confidence": {
        "Europe": 0.9999999999999999
      },
      "region_entropy": -9.99866855976916e-13
    },
    "KJ438730/EU3/Germany/2011": {
      "country": "Germany",
      "country_confidence": {
        "Germany": 1.0
      },
      "country_entropy": -1.000088900581841e-12,
      "region": "Europe",
      "region_confidence": {
        "Europe": 1.0
      },
      "region_entropy": -1.000088900581841e-12
    },
    "KJ438731/EU3/Germany/2011": {
      "country": "Germany",
      "country_confidence": {
        "Germany": 1.0
      },
      "country_entropy": -1.000088900581841e-12,
      "region": "Europe",
      "region_confidence": {
        "Europe": 1.0
      },
      "region_entropy": -1.000088900581841e-12
    },
    "KJ438732/EU3/Germany/2011": {
      "country": "Germany",
      "country_confidence": {
        "Germany": 1.0
      },
      "country_entropy": -1.000088900581841e-12,
      "region": "Europe",
      "region_confidence": {
        "Europe": 1.0
      },
      "region_entropy": -1.000088900581841e-12
    },
    "KJ438733/EU3/Germany/2012": {
      "country": "Germany",
      "country_confidence": {
        "Germany": 0.9999999999999999
      },
      "country_entropy": -9.99866855976916e-13,
      "region": "Europe",
      "region_confidence": {
        "Europe": 1.0
      },
      "region_entropy": -1.000088900581841e-12
    },
    "KJ438734/EU3/Germany/2011": {
      "country": "Germany",
      "country_confidence": {
        "Germany": 1.0
      },
      "country_entropy": -1.000088900581841e-12,
      "region": "Europe",
      "region_confidence": {
        "Europe": 1.0
      },
      "region_entropy": -1.000088900581841e-12
    },
    "KJ438735/EU3/Germany/2012": {
      "country": "Germany",
      "country_confidence": {
        "Germany": 1.0
      },
      "country_entropy": -1.000088900581841e-12,
      "region": "Europe",
      "region_confidence": {
        "Europe": 1.0
      },
      "region_entropy": -1.000088900581841e-12
    },
    "KJ438736/EU3/Germany/2011": {
      "country": "Germany",
      "country_confidence": {
        "Germany": 1.0
      },
      "country_entropy": -1.000088900581841e-12,
      "region": "Europe",
      "region_confidence": {
        "Europe": 1.0
      },
      "region_entropy": -1.000088900581841e-12
    },
    "KJ438737/EU3/Germany/2011": {
      "country": "Germany",
      "country_confidence": {
        "Germany": 1.0
      },
      "country_entropy": -1.000088900581841e-12,
      "region": "Europe",
      "region_confidence": {
        "Europe": 0.9999999999999999
      },
      "region_entropy": -9.99866855976916e-13
    },
    "KJ438738/EU3/Germany/2011": {
      "country": "Germany",
      "country_confidence": {
        "Germany": 1.0
      },
      "country_entropy": -1.000088900581841e-12,
      "region": "Europe",
      "region_confidence": {
        "Europe": 0.9999999999999999
      },
      "region_entropy": -9.99866855976916e-13
    },
    "KJ438739/EU3/Germany/2013": {
      "country": "Germany",
      "country_confidence": {
        "Germany": 1.0
      },
      "country_entropy": -1.000088900581841e-12,
      "region": "Europe",
      "region_confidence": {
        "Europe": 1.0
      },
      "region_entropy": -1.000088900581841e-12
    },
    "KJ438740/EU3/Germany/2011": {
      "country": "Germany",
      "country_confidence": {
        "Germany": 1.0
      },
      "country_entropy": -1.000088900581841e-12,
      "region": "Europe",
      "region_confidence": {
        "Europe": 1.0
      },
      "region_entropy": -1.000088900581841e-12
    },
    "KJ438741/EU3/Germany/2013": {
      "country": "Germany",
      "country_confidence": {
        "Germany": 1.0
      },
      "country_entropy": -1.000088900581841e-12,
      "region": "Europe",
      "region_confidence": {
        "Europe": 1.0
      },
      "region_entropy": -1.000088900581841e-12
    },
    "KJ438742/EU3/Germany/2013": {
      "country": "Germany",
      "country_confidence": {
        "Germany": 1.0
      },
      "country_entropy": -1.000088900581841e-12,
      "region": "Europe",
      "region_confidence": {
        "Europe": 1.0
      },
      "region_entropy": -1.000088900581841e-12
    },
    "KJ438743/EU3/Germany/2011": {
      "country": "Germany",
      "country_confidence": {
        "Germany": 0.9999999999999999
      },
      "country_entropy": -9.99866855976916e-13,
      "region": "Europe",
      "region_confidence": {
        "Europe": 1.0
      },
      "region_entropy": -1.000088900581841e-12
    },
    "KJ438744/EU3/Germany/2012": {
      "country": "Germany",
      "country_confidence": {
        "Germany": 0.9999999999999999
      },
      "country_entropy": -9.99866855976916e-13,
      "region": "Europe",
      "region_confidence": {
        "Europe": 1.0
      },
      "region_entropy": -1.000088900581841e-12
    },
    "KJ438745/EU3/Germany/2011": {
      "country": "Germany",
      "country_confidence": {
        "Germany": 1.0
      },
      "country_entropy": -1.000088900581841e-12,
      "region": "Europe",
      "region_confidence": {
        "Europe": 1.0
      },
      "region_entropy": -1.000088900581841e-12
    },
    "KJ438746/EU3/Germany/2011": {
      "country": "Germany",
      "country_confidence": {
        "Germany": 1.0
      },
      "country_entropy": -1.000088900581841e-12,
      "region": "Europe",
      "region_confidence": {
        "Europe": 1.0
      },
      "region_entropy": -1.000088900581841e-12
    },
    "KJ438747/EU3/Germany/2012": {
      "country": "Germany",
      "country_confidence": {
        "Germany": 1.0
      },
      "country_entropy": -1.000088900581841e-12,
      "region": "Europe",
      "region_confidence": {
        "Europe": 1.0
      },
      "region_entropy": -1.000088900581841e-12
    },
    "KJ438748/EU3/Germany/2012": {
      "country": "Germany",
      "country_confidence": {
        "Germany": 0.9999999999999999
      },
      "country_entropy": -9.99866855976916e-13,
      "region": "Europe",
      "region_confidence": {
        "Europe": 0.9999999999999999
      },
      "region_entropy": -9.99866855976916e-13
    },
    "KJ438749/EU3/Germany/2012": {
      "country": "Germany",
      "country_confidence": {
        "Germany": 1.0
      },
      "country_entropy": -1.000088900581841e-12,
      "region": "Europe",
      "region_confidence": {
        "Europe": 1.0
      },
      "region_entropy": -1.000088900581841e-12
    },
    "KJ438750/EU3/Germany/2011": {
      "country": "Germany",
      "country_confidence": {
        "Germany": 0.9999999999999999
      },
      "country_entropy": -9.99866855976916e-13,
      "region": "Europe",
      "region_confidence": {
        "Europe": 1.0
      },
      "region_entropy": -1.000088900581841e-12
    },
    "KJ438751/EU3/Germany/2011": {
      "country": "Germany",
      "country_confidence": {
        "Germany": 1.0
      },
      "country_entropy": -1.000088900581841e-12,
      "region": "Europe",
      "region_confidence": {
        "Europe": 0.9999999999999999
      },
      "region_entropy": -9.99866855976916e-13
    },
    "KJ438752/EU3/Germany/2011": {
      "country": "Germany",
      "country_confidence": {
        "Germany": 1.0
      },
      "country_entropy": -1.000088900581841e-12,
      "region": "Europe",
      "region_confidence": {
        "Europe": 1.0
      },
      "region_entropy": -1.000088900581841e-12
    },
    "KJ438753/EU3/Germany/2011": {
      "country": "Germany",
      "country_confidence": {
        "Germany": 1.0
      },
      "country_entropy": -1.000088900581841e-12,
      "region": "Europe",
      "region_confidence": {
        "Europe": 0.9999999999999999
      },
      "region_entropy": -9.99866855976916e-13
    },
    "KJ438754/EU3/Germany/2012": {
      "country": "Germany",
      "country_confidence": {
        "Germany": 1.0
      },
      "country_entropy": -1.000088900581841e-12,
      "region": "Europe",
      "region_confidence": {
        "Europe": 1.0
      },
      "region_entropy": -1.000088900581841e-12
    },
    "KJ438755/EU3/Germany/2011": {
      "country": "Germany",
      "country_confidence": {
        "Germany": 1.0
      },
      "country_entropy": -1.000088900581841e-12,
      "region": "Europe",
      "region_confidence": {
        "Europe": 0.9999999999999999
      },
      "region_entropy": -9.99866855976916e-13
    },
    "KJ438756/EU3/Germany/2011": {
      "country": "Germany",
      "country_confidence": {
        "Germany": 1.0
      },
      "country_entropy": -1.000088900581841e-12,
      "region": "Europe",
      "region_confidence": {
        "Europe": 0.9999999999999999
      },
      "region_entropy": -9.99866855976916e-13
    },
    "KJ438757/EU3/Germany/2013": {
      "country": "Germany",
      "country_confidence": {
        "Germany": 1.0
      },
      "country_entropy": -1.000088900581841e-12,
      "region": "Europe",
      "region_confidence": {
        "Europe": 1.0
      },
      "region_entropy": -1.000088900581841e-12
    },
    "KJ438758/EU3/Germany/2013": {
      "country": "Germany",
      "country_confidence": {
        "Germany": 0.9999999999999999
      },
      "country_entropy": -9.99866855976916e-13,
      "region": "Europe",
      "region_confidence": {
        "Europe": 1.0
      },
      "region_entropy": -1.000088900581841e-12
    },
    "KJ438759/EU3/Germany/2011": {
      "country": "Germany",
      "country_confidence": {
        "Germany": 1.0
      },
      "country_entropy": -1.000088900581841e-12,
      "region": "Europe",
      "region_confidence": {
        "Europe": 0.9999999999999999
      },
      "region_entropy": -9.99866855976916e-13
    },
    "KJ438760/EU3/Germany/2011": {
      "country": "Germany",
      "country_confidence": {
        "Germany": 1.0
      },
      "country_entropy": -1.000088900581841e-12,
      "region": "Europe",
      "region_confidence": {
        "Europe": 1.0
      },
      "region_entropy": -1.000088900581841e-12
    },
    "KJ438761/EU3/Germany/2011": {
      "country": "Germany",
      "country_confidence": {
        "Germany": 1.0
      },
      "country_entropy": -1.000088900581841e-12,
      "region": "Europe",
      "region_confidence": {
        "Europe": 1.0
      },
      "region_entropy": -1.000088900581841e-12
    },
    "KJ438762/EU3/Germany/2011": {
      "country": "Germany",
      "country_confidence": {
        "Germany": 1.0
      },
      "country_entropy": -1.000088900581841e-12,
      "region": "Europe",
      "region_confidence": {
        "Europe": 1.0
      },
      "region_entropy": -1.000088900581841e-12
    },
    "KJ438763/EU3/Germany/2013": {
      "country": "Germany",
      "country_confidence": {
        "Germany": 1.0
      },
      "country_entropy": -1.000088900581841e-12,
      "region": "Europe",
      "region_confidence": {
        "Europe": 0.9999999999999999
      },
      "region_entropy": -9.99866855976916e-13
    },
    "KJ438764/EU3/Germany/2013": {
      "country": "Germany",
      "country_confidence": {
        "Germany": 0.9999999999999999
      },
      "country_entropy": -9.99866855976916e-13,
      "region": "Europe",
      "region_confidence": {
        "Europe": 0.9999999999999999
      },
      "region_entropy": -9.99866855976916e-13
    },
    "KJ438765/EU3/Germany/2011": {
      "country": "Germany",
      "country_confidence": {
        "Germany": 1.0
      },
      "country_entropy": -1.000088900581841e-12,
      "region": "Europe",
      "region_confidence": {
        "Europe": 1.0
      },
      "region_entropy": -1.000088900581841e-12
    },
    "KJ438766/EU3/Germany/2012": {
      "country": "Germany",
      "country_confidence": {
        "Germany": 1.0
      },
      "country_entropy": -1.000088900581841e-12,
      "region": "Europe",
      "region_confidence": {
        "Europe": 0.9999999999999999
      },
      "region_entropy": -9.99866855976916e-13
    },
    "KJ438767/EU3/Germany/2011": {
      "country": "Germany",
      "country_confidence": {
        "Germany": 0.9999999999999999
      },
      "country_entropy": -9.99866855976916e-13,
      "region": "Europe",
      "region_confidence": {
        "Europe": 1.0
      },
      "region_entropy": -1.000088900581841e-12
    },
    "KJ438768/EU3/Germany/2013": {
      "country": "Germany",
      "country_confidence": {
        "Germany": 1.0
      },
      "country_entropy": -1.000088900581841e-12,
      "region": "Europe",
      "region_confidence": {
        "Europe": 1.0
      },
      "region_entropy": -1.000088900581841e-12
    },
    "KJ438769/EU3/Germany/2011": {
      "country": "Germany",
      "country_confidence": {
        "Germany": 1.0
      },
      "country_entropy": -1.000088900581841e-12,
      "region": "Europe",
      "region_confidence": {
        "Europe": 1.0
      },
      "region_entropy": -1.000088900581841e-12
    },
    "KJ438770/EU3/Germany/2013": {
      "country": "Germany",
      "country_confidence": {
        "Germany": 1.0
      },
      "country_entropy": -1.000088900581841e-12,
      "region": "Europe",
      "region_confidence": {
        "Europe": 1.0
      },
      "region_entropy": -1.000088900581841e-12
    },
    "KJ438771/EU3/Germany/2013": {
      "country": "Germany",
      "country_confidence": {
        "Germany": 1.0
      },
      "country_entropy": -1.000088900581841e-12,
      "region": "Europe",
      "region_confidence": {
        "Europe": 0.9999999999999999
      },
      "region_entropy": -9.99866855976916e-13
    },
    "KJ438772/EU3/Germany/2011": {
      "country": "Germany",
      "country_confidence": {
        "Germany": 1.0
      },
      "country_entropy": -1.000088900581841e-12,
      "region": "Europe",
      "region_confidence": {
        "Europe": 1.0
      },
      "region_entropy": -1.000088900581841e-12
    },
    "KJ438773/EU3/Germany/2011": {
      "country": "Germany",
      "country_confidence": {
        "Germany": 1.0
      },
      "country_entropy": -1.000088900581841e-12,
      "region": "Europe",
      "region_confidence": {
        "Europe": 1.0
      },
      "region_entropy": -1.000088900581841e-12
    },
    "KJ438774/EU3/Germany/2012": {
      "country": "Germany",
      "country_confidence": {
        "Germany": 1.0
      },
      "country_entropy": -1.000088900581841e-12,
      "region": "Europe",
      "region_confidence": {
        "Europe": 1.0
      },
      "region_entropy": -1.000088900581841e-12
    },
    "KJ438775/EU3/Germany/2011": {
      "country": "Germany",
      "country_confidence": {
        "Germany": 1.0
      },
      "country_entropy": -1.000088900581841e-12,
      "region": "Europe",
      "region_confidence": {
        "Europe": 1.0
      },
      "region_entropy": -1.000088900581841e-12
    },
    "KJ438776/EU3/Germany/2011": {
      "country": "Germany",
      "country_confidence": {
        "Germany": 0.9999999999999999
      },
      "country_entropy": -9.99866855976916e-13,
      "region": "Europe",
      "region_confidence": {
        "Europe": 1.0
      },
      "region_entropy": -1.000088900581841e-12
    },
    "KJ438777/EU3/Germany/2011": {
      "country": "Germany",
      "country_confidence": {
        "Germany": 0.9999999999999999
      },
      "country_entropy": -9.99866855976916e-13,
      "region": "Europe",
      "region_confidence": {
        "Europe": 1.0
      },
      "region_entropy": -1.000088900581841e-12
    },
    "KJ438778/EU3/Germany/2011": {
      "country": "Germany",
      "country_confidence": {
        "Germany": 0.9999999999999999
      },
      "country_entropy": -9.99866855976916e-13,
      "region": "Europe",
      "region_confidence": {
        "Europe": 1.0
      },
      "region_entropy": -1.000088900581841e-12
    },
    "KJ438779/EU3/Germany/2012": {
      "country": "Germany",
      "country_confidence": {
        "Germany": 1.0
      },
      "country_entropy": -1.000088900581841e-12,
      "region": "Europe",
      "region_confidence": {
        "Europe": 1.0
      },
      "region_entropy": -1.000088900581841e-12
    },
    "KJ438780/EU3/Germany/2011": {
      "country": "Germany",
      "country_confidence": {
        "Germany": 1.0
      },
      "country_entropy": -1.000088900581841e-12,
      "region": "Europe",
      "region_confidence": {
        "Europe": 1.0
      },
      "region_entropy": -1.000088900581841e-12
    },
    "KJ438781/EU3/Germany/2011": {
      "country": "Germany",
      "country_confidence": {
        "Germany": 1.0
      },
      "country_entropy": -1.000088900581841e-12,
      "region": "Europe",
      "region_confidence": {
        "Europe": 1.0
      },
      "region_entropy": -1.000088900581841e-12
    },
    "KJ859682/EU3/Germany/2013": {
      "country": "Germany",
      "country_confidence": {
        "Germany": 1.0
      },
      "country_entropy": -1.000088900581841e-12,
      "region": "Europe",
      "region_confidence": {
        "Europe": 1.0
      },
      "region_entropy": -1.000088900581841e-12
    },
    "KJ859683/EU3/Germany/2013": {
      "country": "Germany",
      "country_confidence": {
        "Germany": 1.0
      },
      "country_entropy": -1.000088900581841e-12,
      "region": "Europe",
      "region_confidence": {
        "Europe": 1.0
      },
      "region_entropy": -1.000088900581841e-12
    },
    "KM659877/AF3/Germany/2014": {
      "country": "Germany",
      "country_confidence": {
        "Germany": 1.0
      },
      "country_entropy": -1.000088900581841e-12,
      "region": "Europe",
      "region_confidence": {
        "Europe": 0.9999999999999999
      },
      "region_entropy": -9.99866855976916e-13
    },
    "KU573070/EU2/Italy/2013": {
      "country": "Italy",
      "country_confidence": {
        "Italy": 0.9999999999999999
      },
      "country_entropy": -9.99866855976916e-13,
      "region": "Europe",
      "region_confidence": {
        "Europe": 1.0
      },
      "region_entropy": -1.000088900581841e-12
    },
    "KU573072/EU2/Italy/2013": {
      "country": "Italy",
      "country_confidence": {
        "Italy": 1.0
      },
      "country_entropy": -1.000088900581841e-12,
      "region": "Europe",
      "region_confidence": {
        "Europe": 1.0
      },
      "region_entropy": -1.000088900581841e-12
    },
    "KU573073/EU4/Italy/2013": {
      "country": "Italy",
      "country_confidence": {
        "Italy": 0.9999999999999999
      },
      "country_entropy": -9.99866855976916e-13,
      "region": "Europe",
      "region_confidence": {
        "Europe": 1.0
      },
      "region_entropy": -1.000088900581841e-12
    },
    "KU573074/EU2/Italy/2013": {
      "country": "Italy",
      "country_confidence": {
        "Italy": 0.9999999999999999
      },
      "country_entropy": -9.99866855976916e-13,
      "region": "Europe",
      "region_confidence": {
        "Europe": 1.0
      },
      "region_entropy": -1.000088900581841e-12
    },
    "KU573075/EU2/Italy/2014": {
      "country": "Italy",
      "country_confidence": {
        "Italy": 0.9999999999999999
      },
      "country_entropy": -9.99866855976916e-13,
      "region": "Europe",
      "region_confidence": {
        "Europe": 1.0
      },
      "region_entropy": -1.000088900581841e-12
    },
    "KU573076/EU2/Italy/2014": {
      "country": "Italy",
      "country_confidence": {
        "Italy": 0.9999999999999999
      },
      "country_entropy": -9.99866855976916e-13,
      "region": "Europe",
      "region_confidence": {
        "Europe": 1.0
      },
      "region_entropy": -1.000088900581841e-12
    },
    "KU664608/AF2/Germany/2015": {
      "country": "Germany",
      "country_confidence": {
        "Germany": 1.0
      },
      "country_entropy": -1.000088900581841e-12,
      "region": "Europe",
      "region_confidence": {
        "Europe": 0.9999999999999999
      },
      "region_entropy": -9.99866855976916e-13
    },
    "KX555624/EU2/Germany/2010": {
      "country": "Germany",
      "country_confidence": {
        "Germany": 1.0
      },
      "country_entropy": -1.000088900581841e-12,
      "region": "Europe",
      "region_confidence": {
        "Europe": 1.0
      },
      "region_entropy": -1.000088900581841e-12
    },
    "KX555625/EU2/Italy/2010": {
      "country": "Italy",
      "country_confidence": {
        "Italy": 0.9999999999999999
      },
      "country_entropy": -9.99866855976916e-13,
      "region": "Europe",
      "region_confidence": {
        "Europe": 0.9999999999999999
      },
      "region_entropy": -9.99866855976916e-13
    },
    "KX555626/EU2/Germany/2010": {
      "country": "Germany",
      "country_confidence": {
        "Germany": 1.0
      },
      "country_entropy": -1.000088900581841e-12,
      "region": "Europe",
      "region_confidence": {
        "Europe": 0.9999999999999999
      },
      "region_entropy": -9.99866855976916e-13
    },
    "KX555627/EU2/Italy/2010": {
      "country": "Italy",
      "country_confidence": {
        "Italy": 1.0
      },
      "country_entropy": -1.000088900581841e-12,
      "region": "Europe",
      "region_confidence": {
        "Europe": 0.9999999999999999
      },
      "region_entropy": -9.99866855976916e-13
    },
    "KX555628/EU2/Italy/2010": {
      "country": "Italy",
